e2r7p16% ./rubik 9 R L U U F U\' D F F R R B B L U U F\' B\' U R R D F F U R R U
9

R L U U F U\' D F F R R B B L U U F\' B\' U R R D F F U R R U M F\' U\' R\' S\' U F\' E

M F\' U\' R\' S\' U F\' E

===============================================
ROTATING
MAIN LOOP Count 29
$$$$$$$$$$$$$$$$$$$$$$$$JJJJJJJJJJJJJACCCCCCCKKKKKKKPPPPPPPPPOOOOOOTTTTTT$$$$$$$$$$$$$$$$$$$$$$$$$$$$$$$$$$$$$$$$$$$$$$$
==================-CUBE-======================
=====UP VIEW=====
	4 4 4
	4 4 4
	4 4 4

	1 3 1
	5 6 6
	6 3 2

5 1 1 	2 6 3 	6 1 6
6 1 5 	2 2 6 	2 3 5
5 1 5 	1 2 5 	2 5 6

	2 3 3
	2 5 3
	3 1 3

===============================================
===================================================
RUNNING TEST
CURRENT: 15	DEPTH:7	Iter: 7
[0] [0] [0] [0] [0] [0] [0] [1] [0] [0] [0] [0] [2] [0] [0] [0] [0] [0] ++=================================++
M F\' U\' R\' S\' U F\' E	++MOVES
$$$$$$$$$$$$$$$$$$$$$$$$JJJJJJJJJJJJJACCCCCCCKKKKKKKPPPPPPPPPOOOOOOTTTTTT$$$$$$$$$$$$$$$$$$$$$$$$$$$$$$$$$$$$$$$$$$$$$$$
==================-CUBE-======================
=====UP VIEW=====
	4 4 6
	3 5 1
	4 1 1

	6 5 5
	1 3 5
	4 6 5

1 6 5 	1 3 3 	2 2 2
4 4 6 	4 6 6 	2 2 2
5 4 3 	6 3 6 	2 2 2

	4 5 1
	5 1 3
	3 1 3

===============================================
===================================================
RUNNING TEST
CURRENT: 5	DEPTH:7	Iter: 8
[0] [0] [2] [0] [0] [0] [0] [0] [1] [0] [0] [0] [0] [0] [0] [0] [0] [0] ++=================================++
R F\' E B\'	U F\' R\' D	


++MOVES
$$$$$$$$$$$$$$$$$$$$$$$$JJJJJJJJJJJJJACCCCCCCKKKKKKKPPPPPPPPPOOOOOOTTTTTT$$$$$$$$$$$$$$$$$$$$$$$$$$$$$$$$$$$$$$$$$$$$$$$
==================-CUBE-======================
=====UP VIEW=====
	3 3 5
	3 2 2
	2 1 2

	3 5 6
	2 5 1
	6 5 6

5 1 3 	4 4 4 	1 6 1
6 1 1 	4 4 4 	3 3 5
2 6 3 	4 4 4 	1 3 2

	5 6 5
	2 6 5
	6 2 1

===============================================
===================================================
RUNNING TEST
CURRENT: 5	DEPTH:7	Iter: 11
[0] [0] [2] [0] [0] [0] [0] [0] [0] [0] [0] [1] [0] [0] [0] [0] [0] [0] ++=================================++
U L S L\' D\' F R\' D\' ++MOVES
$$$$$$$$$$$$$$$$$$$$$$$$JJJJJJJJJJJJJACCCCCCCKKKKKKKPPPPPPPPPOOOOOOTTTTTT$$$$$$$$$$$$$$$$$$$$$$$$$$$$$$$$$$$$$$$$$$$$$$$
==================-CUBE-======================
=====UP VIEW=====
	6 5 5
	2 2 3
	3 3 2

	2 5 1
	6 1 5
	6 3 6

6 1 3 	4 4 4 	1 1 5
6 6 1 	4 4 4 	5 5 6
2 1 3 	4 4 4 	1 2 3

	5 6 5
	2 3 3
	1 2 2

===============================================
===================================================
RUNNING TEST
CURRENT: 0	DEPTH:7	Iter: 6
[0] [0] [0] [2] [0] [0] [1] [0] [0] [0] [0] [0] [0] [0] [0] [0] [0] [0] ++=================================++
[U]	[L]	[S']	[R']	[D']	[S']	[L]	[U]	++MOVES







==================-CUBE-======================
=====UP VIEW=====
	2 2 2
	2 2 2
	2 2 2

	3 3 3
	3 3 3
	3 3 3

5 5 5 	4 4 4 	6 6 6
5 5 5 	4 4 4 	6 6 6
5 5 5 	4 4 4 	6 6 6

	1 1 1
	1 1 1
	1 1 1

===============================================
==================-CUBE-======================
=====UP VIEW=====
	2 2 1
	2 2 1
	2 2 1

	3 3 2
	3 3 2
	3 3 2

5 5 5 	4 4 3 	6 6 6
5 5 5 	4 4 3 	6 6 6
5 5 5 	4 4 3 	6 6 6

	1 1 4
	1 1 4
	1 1 4

===============================================
ROTATING
MAIN LOOP Count 2
==================-CUBE-======================
=====UP VIEW=====
	3 2 1
	3 2 1
	3 2 1

	4 3 2
	4 3 2
	4 3 2

5 5 5 	1 4 3 	6 6 6
5 5 5 	1 4 3 	6 6 6
5 5 5 	1 4 3 	6 6 6

	2 1 4
	2 1 4
	2 1 4

===============================================
ROTATING
MAIN LOOP Count 3
==================-CUBE-======================
=====UP VIEW=====
	3 2 1
	3 2 1
	5 5 5

	4 4 4
	3 3 3
	2 2 2

1 4 3 	6 6 6 	1 2 3
5 5 5 	1 4 3 	6 6 6
5 5 5 	1 4 3 	6 6 6

	2 1 4
	2 1 4
	2 1 4

===============================================
ROTATING
MAIN LOOP Count 4
==================-CUBE-======================
=====UP VIEW=====
	3 2 1
	3 2 1
	3 4 1

	2 3 4
	2 3 4
	2 3 4

6 6 6 	1 2 3 	5 5 5
5 5 5 	1 4 3 	6 6 6
5 5 5 	1 4 3 	6 6 6

	2 1 4
	2 1 4
	2 1 4

===============================================
ROTATING
MAIN LOOP Count 5
==================-CUBE-======================
=====UP VIEW=====
	3 2 1
	3 2 1
	3 4 1

	2 3 4
	2 3 4
	5 5 6

6 6 2 	1 1 1 	2 5 5
5 5 1 	4 4 2 	3 6 6
5 5 4 	3 3 3 	4 6 6

	6 6 5
	2 1 4
	2 1 4

===============================================
ROTATING
MAIN LOOP Count 6
==================-CUBE-======================
=====UP VIEW=====
	3 2 1
	3 2 1
	5 5 2

	4 4 6
	3 3 5
	2 2 5

1 4 3 	6 6 2 	1 1 1
5 5 1 	4 4 2 	3 6 6
5 5 4 	3 3 3 	4 6 6

	6 6 5
	2 1 4
	2 1 4

===============================================
ROTATING
MAIN LOOP Count 7
==================-CUBE-======================
=====UP VIEW=====
	6 6 4
	3 2 1
	5 5 2

	4 4 6
	3 3 5
	2 2 5

1 4 3 	6 6 2 	1 1 1
5 5 1 	4 4 2 	3 6 6
1 2 3 	5 5 4 	3 3 3

	2 2 6
	1 1 6
	4 4 5

===============================================
ROTATING
MAIN LOOP Count 8
==================-CUBE-======================
=====UP VIEW=====
	6 6 4
	3 2 1
	5 5 2

	4 4 6
	3 3 5
	3 1 3

1 4 2 	5 4 6 	2 1 1
5 5 2 	5 4 6 	2 6 6
1 2 6 	4 2 2 	5 3 3

	3 3 1
	1 1 6
	4 4 5

===============================================
ROTATING
MAIN LOOP Count 9
==================-CUBE-======================
=====UP VIEW=====
	6 6 4
	3 2 1
	5 5 2

	4 4 6
	3 3 5
	6 2 2

1 4 3 	4 5 5 	3 1 1
5 5 3 	2 4 4 	1 6 6
1 2 1 	2 6 6 	3 3 3

	5 2 2
	1 1 6
	4 4 5

===============================================
ROTATING
MAIN LOOP Count 10
==================-CUBE-======================
=====UP VIEW=====
	6 6 2
	3 2 6
	5 5 5

	4 4 4
	3 3 1
	6 2 2

1 4 3 	4 5 6 	1 6 3
5 5 3 	2 4 5 	1 6 3
1 2 1 	2 6 2 	3 1 3

	5 2 5
	1 1 4
	4 4 6

===============================================
ROTATING
MAIN LOOP Count 11
==================-CUBE-======================
=====UP VIEW=====
	6 6 5
	3 2 4
	5 5 6

	4 4 2
	3 3 6
	6 2 5

1 4 3 	4 5 4 	3 3 3
5 5 3 	2 4 1 	6 6 1
1 2 1 	2 6 2 	1 1 3

	5 2 6
	1 1 5
	4 4 2

===============================================
ROTATING
MAIN LOOP Count 12
==================-CUBE-======================
=====UP VIEW=====
	5 3 6
	5 2 6
	6 4 5

	3 1 3
	3 3 6
	6 2 5

2 4 3 	4 5 4 	3 3 2
4 5 3 	2 4 1 	6 6 4
4 2 1 	2 6 2 	1 1 4

	5 2 6
	1 1 5
	1 5 1

===============================================
ROTATING
MAIN LOOP Count 13
==================-CUBE-======================
=====UP VIEW=====
	6 5 5
	4 2 3
	5 6 6

	2 4 4
	3 3 6
	6 2 5

3 4 3 	4 5 4 	3 3 1
1 5 3 	2 4 1 	6 6 5
3 2 1 	2 6 2 	1 1 1

	5 2 6
	1 1 5
	2 4 4

===============================================
ROTATING
MAIN LOOP Count 14
==================-CUBE-======================
=====UP VIEW=====
	2 5 5
	3 2 3
	6 6 6

	4 4 4
	2 3 6
	2 2 5

3 3 1 	5 5 4 	3 3 1
4 5 2 	1 4 1 	6 6 5
3 1 3 	2 6 2 	1 1 1

	6 2 6
	4 1 5
	5 4 4

===============================================
ROTATING
MAIN LOOP Count 15
==================-CUBE-======================
=====UP VIEW=====
	2 5 5
	3 2 3
	1 3 3

	2 2 4
	2 3 4
	5 6 4

5 5 4 	3 3 1 	6 6 6
4 5 2 	1 4 1 	6 6 5
3 1 3 	2 6 2 	1 1 1

	6 2 6
	4 1 5
	5 4 4

===============================================
ROTATING
MAIN LOOP Count 16
==================-CUBE-======================
=====UP VIEW=====
	2 5 5
	3 2 3
	4 5 5

	5 2 2
	6 3 2
	4 4 4

3 3 1 	6 6 6 	3 3 1
4 5 2 	1 4 1 	6 6 5
3 1 3 	2 6 2 	1 1 1

	6 2 6
	4 1 5
	5 4 4

===============================================
ROTATING
MAIN LOOP Count 17
==================-CUBE-======================
=====UP VIEW=====
	2 5 5
	3 2 3
	4 5 5

	5 2 2
	6 3 2
	3 6 1

3 3 4 	6 1 2 	6 3 1
4 5 4 	6 4 6 	2 6 5
3 1 4 	6 1 2 	6 1 1

	1 2 3
	4 1 5
	5 4 4

===============================================
ROTATING
MAIN LOOP Count 18
==================-CUBE-======================
=====UP VIEW=====
	5 3 5
	5 2 5
	2 3 4

	3 4 3
	6 3 2
	3 6 1

5 3 4 	6 1 2 	6 3 5
4 5 4 	6 4 6 	2 6 2
4 1 4 	6 1 2 	6 1 2

	1 2 3
	4 1 5
	1 5 1

===============================================
ROTATING
MAIN LOOP Count 19
==================-CUBE-======================
=====UP VIEW=====
	5 3 5
	5 2 5
	4 3 5

	3 6 3
	6 3 4
	1 2 3

6 1 2 	6 3 5 	4 3 2
4 5 4 	6 4 6 	2 6 2
4 1 4 	6 1 2 	6 1 2

	1 2 3
	4 1 5
	1 5 1

===============================================
ROTATING
MAIN LOOP Count 20
==================-CUBE-======================
=====UP VIEW=====
	5 3 3
	5 2 5
	4 3 1

	3 6 5
	6 3 5
	1 2 5

6 1 2 	6 3 3 	2 2 2
4 5 4 	6 4 4 	3 6 1
4 1 4 	6 1 3 	4 2 6

	1 2 5
	4 1 6
	1 5 2

===============================================
ROTATING
MAIN LOOP Count 21
==================-CUBE-======================
=====UP VIEW=====
	5 3 5
	5 2 6
	4 3 2

	3 6 3
	6 3 5
	1 2 1

6 1 2 	6 3 5 	2 1 6
4 5 4 	6 4 5 	2 6 2
4 1 4 	6 1 5 	2 3 4

	1 2 3
	4 1 4
	1 5 3

===============================================
ROTATING
MAIN LOOP Count 22
==================-CUBE-======================
=====UP VIEW=====
	4 3 2
	5 2 6
	4 3 2

	3 6 3
	6 3 5
	1 2 1

6 1 2 	6 3 5 	2 1 6
4 5 4 	6 4 5 	2 6 2
5 3 5 	4 1 4 	6 1 5

	1 4 1
	5 1 2
	3 4 3

===============================================
ROTATING
MAIN LOOP Count 23
==================-CUBE-======================
=====UP VIEW=====
	4 3 2
	5 2 6
	4 3 2

	3 6 3
	6 3 5
	5 4 2

6 1 1 	4 6 6 	1 1 6
4 5 4 	1 4 3 	2 6 2
5 3 1 	4 5 5 	1 1 5

	6 2 2
	5 1 2
	3 4 3

===============================================
ROTATING
MAIN LOOP Count 24
==================-CUBE-======================
=====UP VIEW=====
	4 3 2
	5 2 6
	4 3 2

	3 6 3
	6 3 5
	1 4 1

6 1 6 	4 1 4 	5 1 6
4 5 2 	5 4 6 	4 6 2
5 3 2 	5 3 6 	2 1 5

	1 2 1
	5 1 2
	3 4 3

===============================================
ROTATING
MAIN LOOP Count 25
==================-CUBE-======================
=====UP VIEW=====
	4 3 2
	5 2 6
	6 1 6

	1 6 3
	4 3 6
	1 5 3

4 1 4 	5 1 6 	2 3 4
4 5 2 	5 4 6 	4 6 2
5 3 2 	5 3 6 	2 1 5

	1 2 1
	5 1 2
	3 4 3

===============================================
ROTATING
MAIN LOOP Count 26
==================-CUBE-======================
=====UP VIEW=====
	4 3 1
	5 2 2
	6 1 3

	1 6 2
	4 3 6
	1 5 6

4 1 4 	5 1 3 	4 2 5
4 5 2 	5 4 6 	3 6 1
5 3 2 	5 3 3 	2 4 2

	1 2 6
	5 1 6
	3 4 6

===============================================
ROTATING
MAIN LOOP Count 27
==================-CUBE-======================
=====UP VIEW=====
	4 3 6
	5 2 6
	6 1 6

	1 6 1
	4 3 2
	1 5 3

4 1 4 	5 1 2 	5 1 2
4 5 2 	5 4 6 	2 6 4
5 3 2 	5 3 6 	4 3 2

	1 2 3
	5 1 6
	3 4 3

===============================================
ROTATING
MAIN LOOP Count 28
==================-CUBE-======================
=====UP VIEW=====
	4 3 6
	5 2 6
	4 1 4

	1 4 1
	5 3 6
	3 2 1

5 1 2 	5 1 2 	6 1 6
4 5 2 	5 4 6 	2 6 4
5 3 2 	5 3 6 	4 3 2

	1 2 3
	5 1 6
	3 4 3

===============================================
ROTATING
MAIN LOOP Count 29
$$$$$$$$$$$$$$$$$$$$$$$$JJJJJJJJJJJJJACCCCCCCKKKKKKKPPPPPPPPPOOOOOOTTTTTT$$$$$$$$$$$$$$$$$$$$$$$$$$$$$$$$$$$$$$$$$$$$$$$
==================-CUBE-======================
=====UP VIEW=====
	6 1 1
	1 5 3
	1 4 4

	5 6 6
	1 4 3
	4 5 3

4 4 1 	6 3 5 	4 6 3
6 1 5 	1 6 4 	5 3 4
3 5 1 	6 3 3 	5 6 5

	2 2 2
	2 2 2
	2 2 2

===============================================
===================================================
RUNNING TEST
CURRENT: 15	DEPTH:8	Iter: 5
[0] [0] [0] [0] [0] [1] [0] [0] [0] [0] [0] [0] [2] [0] [0] [0] [0] [0] ++=================================++
[L]	[M']	[S']	[U]	[B']	[E']	[M']	[F']	[R']	++MOVES
$$$$$$$$$$$$$$$$$$$$$$$$JJJJJJJJJJJJJACCCCCCCKKKKKKKPPPPPPPPPOOOOOOTTTTTT$$$$$$$$$$$$$$$$$$$$$$$$$$$$$$$$$$$$$$$$$$$$$$$
==================-CUBE-======================
=====UP VIEW=====
	2 2 2
	2 2 2
	2 2 2

	6 1 1
	3 3 4
	1 6 4

3 4 4 	5 4 6 	3 1 5
6 5 5 	4 4 6 	1 6 5
1 5 1 	4 5 3 	4 3 5

	6 3 5
	1 1 6
	6 3 3

===============================================
===================================================
RUNNING TEST
CURRENT: 17	DEPTH:8	Iter: 3
[0] [0] [0] [1] [0] [0] [0] [0] [0] [0] [0] [0] [0] [0] [2] [0] [0] [0] ++=================================++
[L]	[U]	[L]	[E]	[L']	[F']	[E']	[B']	[L']	++MOVES
$$$$$$$$$$$$$$$$$$$$$$$$JJJJJJJJJJJJJACCCCCCCKKKKKKKPPPPPPPPPOOOOOOTTTTTT$$$$$$$$$$$$$$$$$$$$$$$$$$$$$$$$$$$$$$$$$$$$$$$
==================-CUBE-======================
=====UP VIEW=====
	2 2 2
	2 3 2
	6 1 3

	4 4 6
	3 6 6
	6 6 4

3 6 1 	2 4 1 	6 1 2
6 4 3 	2 1 4 	3 2 1
3 4 4 	1 3 3 	4 1 1

	5 5 5
	5 5 5
	5 5 5

===============================================
===================================================
RUNNING TEST
CURRENT: 11	DEPTH:8	Iter: 15
[0] [0] [0] [0] [0] [0] [0] [0] [2] [0] [0] [0] [0] [0] [0] [1] [0] [0] ++=================================++
[L]	[E]	[M]	[D]	[L']	[B']	[L']	[D']	[F']	++MOVES
$$$$$$$$$$$$$$$$$$$$$$$$JJJJJJJJJJJJJACCCCCCCKKKKKKKPPPPPPPPPOOOOOOTTTTTT$$$$$$$$$$$$$$$$$$$$$$$$$$$$$$$$$$$$$$$$$$$$$$$
==================-CUBE-======================
=====UP VIEW=====
	6 2 4
	2 6 6
	4 6 6

	6 3 2
	3 2 6
	4 1 1

1 4 3 	5 5 5 	2 1 3
6 1 3 	5 5 5 	2 3 4
2 2 1 	5 5 5 	2 4 6

	4 4 3
	3 4 1
	1 1 3

===============================================
===================================================
RUNNING TEST
CURRENT: 13	DEPTH:8	Iter: 4
[0] [0] [0] [0] [1] [0] [0] [0] [0] [0] [0] [0] [0] [0] [0] [0] [2] [0] ++=================================++
[L]	[D]	[L']	[F']	[U]	[F']	[L]	[S]	[M']	++MOVES
$$$$$$$$$$$$$$$$$$$$$$$$JJJJJJJJJJJJJACCCCCCCKKKKKKKPPPPPPPPPOOOOOOTTTTTT$$$$$$$$$$$$$$$$$$$$$$$$$$$$$$$$$$$$$$$$$$$$$$$
==================-CUBE-======================
=====UP VIEW=====
	3 1 1
	4 1 2
	4 2 1

	6 6 2
	3 6 6
	2 2 6

1 6 3 	6 1 3 	4 1 6
3 2 6 	4 3 4 	1 4 3
4 4 1 	2 2 2 	3 3 4

	5 5 5
	5 5 5
	5 5 5

===============================================
===================================================
RUNNING TEST
CURRENT: 8	DEPTH:8	Iter: 14
[0] [0] [0] [0] [0] [0] [0] [0] [0] [0] [0] [2] [0] [0] [1] [0] [0] [0] ++=================================++
[L]	[E']	[M']	[D']	[L]	[F]	[L]	[D]	[B]	++MOVES
$$$$$$$$$$$$$$$$$$$$$$$$JJJJJJJJJJJJJACCCCCCCKKKKKKKPPPPPPPPPOOOOOOTTTTTT$$$$$$$$$$$$$$$$$$$$$$$$$$$$$$$$$$$$$$$$$$$$$$$
==================-CUBE-======================
=====UP VIEW=====
	2 6 4
	5 2 4
	5 2 3

	3 6 2
	3 3 6
	6 3 3

4 2 3 	4 5 6 	2 3 5
2 5 4 	5 4 6 	4 6 3
5 5 4 	6 2 6 	2 4 5

	1 1 1
	1 1 1
	1 1 1

===============================================
===================================================
RUNNING TEST
CURRENT: 11	DEPTH:8	Iter: 4
[0] [0] [0] [0] [1] [0] [0] [0] [2] [0] [0] [0] [0] [0] [0] [0] [0] [0] ++=================================++
[L]	[F]	[L]	[R]	[D']	[M]	[R]	[D']	[M']	++MOVES
$$$$$$$$$$$$$$$$$$$$$$$$JJJJJJJJJJJJJACCCCCCCKKKKKKKPPPPPPPPPOOOOOOTTTTTT$$$$$$$$$$$$$$$$$$$$$$$$$$$$$$$$$$$$$$$$$$$$$$$
==================-CUBE-======================
=====UP VIEW=====
	2 6 4
	5 2 4
	5 2 3

	3 6 2
	3 3 6
	6 3 3

4 2 3 	4 5 6 	2 3 5
2 5 4 	5 4 6 	4 6 3
5 5 4 	6 2 6 	2 4 5

	1 1 1
	1 1 1
	1 1 1

===============================================
===================================================
RUNNING TEST
CURRENT: 11	DEPTH:8	Iter: 4
[0] [0] [0] [0] [1] [0] [0] [0] [2] [0] [0] [0] [0] [0] [0] [0] [0] [0] ++=================================++
[L]	[F]	[L]	[R]	[D']	[R]	[M]	[D']	[M']	++MOVES
$$$$$$$$$$$$$$$$$$$$$$$$JJJJJJJJJJJJJACCCCCCCKKKKKKKPPPPPPPPPOOOOOOTTTTTT$$$$$$$$$$$$$$$$$$$$$$$$$$$$$$$$$$$$$$$$$$$$$$$
==================-CUBE-======================
=====UP VIEW=====
	2 6 4
	5 2 4
	5 2 3

	3 6 2
	3 3 6
	6 3 3

4 2 3 	4 5 6 	2 3 5
2 5 4 	5 4 6 	4 6 3
5 5 4 	6 2 6 	2 4 5

	1 1 1
	1 1 1
	1 1 1

===============================================
===================================================
RUNNING TEST
CURRENT: 11	DEPTH:8	Iter: 4
[0] [0] [0] [0] [1] [0] [0] [0] [2] [0] [0] [0] [0] [0] [0] [0] [0] [0] ++=================================++
[L]	[F]	[R]	[L]	[D']	[M]	[R]	[D']	[M']	++MOVES
$$$$$$$$$$$$$$$$$$$$$$$$JJJJJJJJJJJJJACCCCCCCKKKKKKKPPPPPPPPPOOOOOOTTTTTT$$$$$$$$$$$$$$$$$$$$$$$$$$$$$$$$$$$$$$$$$$$$$$$
==================-CUBE-======================
=====UP VIEW=====
	2 6 4
	5 2 4
	5 2 3

	3 6 2
	3 3 6
	6 3 3

4 2 3 	4 5 6 	2 3 5
2 5 4 	5 4 6 	4 6 3
5 5 4 	6 2 6 	2 4 5

	1 1 1
	1 1 1
	1 1 1

===============================================
===================================================
RUNNING TEST
CURRENT: 11	DEPTH:8	Iter: 4
[0] [0] [0] [0] [1] [0] [0] [0] [2] [0] [0] [0] [0] [0] [0] [0] [0] [0] ++=================================++
[L]	[F]	[R]	[L]	[D']	[R]	[M]	[D']	[M']	++MOVES
$$$$$$$$$$$$$$$$$$$$$$$$JJJJJJJJJJJJJACCCCCCCKKKKKKKPPPPPPPPPOOOOOOTTTTTT$$$$$$$$$$$$$$$$$$$$$$$$$$$$$$$$$$$$$$$$$$$$$$$
==================-CUBE-======================
=====UP VIEW=====
	3 3 5
	3 2 1
	2 1 2

	3 5 6
	3 1 5
	6 5 6

5 5 3 	4 4 4 	1 2 1
6 6 1 	4 4 4 	3 5 2
2 6 3 	4 4 4 	1 1 2

	5 6 5
	2 3 6
	6 2 1

===============================================
===================================================
RUNNING TEST
CURRENT: 5	DEPTH:8	Iter: 11
[0] [0] [2] [0] [0] [0] [0] [0] [0] [0] [0] [1] [0] [0] [0] [0] [0] [0] ++=================================++
[L]	[S]	[L']	[U]	[S]	[D']	[F]	[R']	[D']	++MOVES

$$$$$$$$$$$$$$$$$$$$$$$$JJJJJJJJJJJJJACCCCCCCKKKKKKKPPPPPPPPPOOOOOOTTTTTT$$$$$$$$$$$$$$$$$$$$$$$$$$$$$$$$$$$$$$$$$$$$$$$
==================-CUBE-======================
=====UP VIEW=====
	4 4 4
	4 4 4
	4 4 4

	1 6 1
	5 6 6
	5 5 1

5 1 2 	1 2 2 	6 1 6
3 1 6 	3 2 6 	2 3 5
5 2 3 	5 2 3 	2 5 6

	2 1 6
	3 5 3
	3 1 3

===============================================
===================================================
RUNNING TEST
CURRENT: 6	DEPTH:8	Iter: 1
[0] [1] [0] [0] [0] [0] [0] [0] [0] [2] [0] [0] [0] [0] [0] [0] [0] [0] ++=================================++
[M]	[M]	[F']	[U']	[R']	[E]	[S']	[U]	[M]	++MOVES
$$$$$$$$$$$$$$$$$$$$$$$$JJJJJJJJJJJJJACCCCCCCKKKKKKKPPPPPPPPPOOOOOOTTTTTT$$$$$$$$$$$$$$$$$$$$$$$$$$$$$$$$$$$$$$$$$$$$$$$
==================-CUBE-======================
=====UP VIEW=====
	6 5 2
	5 5 2
	6 2 6

	1 1 1
	6 3 5
	1 1 5

4 4 4 	5 6 2 	1 1 2
4 4 4 	3 6 6 	3 2 6
4 4 4 	5 2 3 	5 5 3

	3 3 2
	1 1 2
	3 3 6

===============================================
===================================================
RUNNING TEST
CURRENT: 8	DEPTH:8	Iter: 16
[0] [0] [0] [0] [0] [0] [0] [0] [0] [0] [0] [2] [0] [0] [0] [0] [1] [0] ++=================================++
[M]	[M]	[F']	[U']	[R']	[S']	[M']	[D]	[S']	++MOVES
$$$$$$$$$$$$$$$$$$$$$$$$JJJJJJJJJJJJJACCCCCCCKKKKKKKPPPPPPPPPOOOOOOTTTTTT$$$$$$$$$$$$$$$$$$$$$$$$$$$$$$$$$$$$$$$$$$$$$$$
==================-CUBE-======================
=====UP VIEW=====
	6 3 2
	5 5 2
	6 3 6

	1 5 1
	6 3 5
	1 1 5

4 4 4 	5 6 2 	1 2 2
4 4 4 	3 6 6 	3 2 6
4 4 4 	5 5 3 	5 2 3

	3 1 2
	1 1 1
	3 2 6

===============================================
===================================================
RUNNING TEST
CURRENT: 4	DEPTH:8	Iter: 16
[0] [2] [0] [0] [0] [0] [0] [0] [0] [0] [0] [0] [0] [0] [0] [0] [1] [0] ++=================================++
[M]	[M]	[F']	[U']	[R']	[S']	[D]	[M']	[S']	++MOVES
$$$$$$$$$$$$$$$$$$$$$$$$JJJJJJJJJJJJJACCCCCCCKKKKKKKPPPPPPPPPOOOOOOTTTTTT$$$$$$$$$$$$$$$$$$$$$$$$$$$$$$$$$$$$$$$$$$$$$$$
==================-CUBE-======================
=====UP VIEW=====
	4 4 4
	4 4 4
	4 4 4

	5 3 5
	2 6 6
	3 3 2

3 3 2 	5 5 1 	5 1 1
1 1 1 	2 2 2 	5 3 6
3 5 6 	3 6 2 	1 3 1

	2 2 6
	1 5 6
	6 5 6

===============================================
===================================================
RUNNING TEST
CURRENT: 5	DEPTH:8	Iter: 10
[0] [0] [2] [0] [0] [0] [0] [0] [0] [0] [1] [0] [0] [0] [0] [0] [0] [0] ++=================================++
[M]	[M]	[B']	[R]	[D]	[M]	[S']	[R']	[E']	++MOVES
$$$$$$$$$$$$$$$$$$$$$$$$JJJJJJJJJJJJJACCCCCCCKKKKKKKPPPPPPPPPOOOOOOTTTTTT$$$$$$$$$$$$$$$$$$$$$$$$$$$$$$$$$$$$$$$$$$$$$$$
==================-CUBE-======================
=====UP VIEW=====
	2 2 6
	3 1 5
	6 5 6

	4 4 4
	4 4 4
	4 4 4

3 1 3 	5 3 5 	1 6 1
2 6 6 	1 3 3 	6 5 1
6 1 2 	3 3 2 	5 5 1

	5 5 1
	2 2 2
	3 6 2

===============================================
===================================================
RUNNING TEST
CURRENT: 7	DEPTH:8	Iter: 16
[0] [0] [0] [0] [0] [0] [0] [0] [0] [0] [2] [0] [0] [0] [0] [0] [1] [0] ++=================================++
[M]	[M]	[B']	[R]	[D]	[S']	[L']	[E]	[S']	++MOVES
$$$$$$$$$$$$$$$$$$$$$$$$JJJJJJJJJJJJJACCCCCCCKKKKKKKPPPPPPPPPOOOOOOTTTTTT$$$$$$$$$$$$$$$$$$$$$$$$$$$$$$$$$$$$$$$$$$$$$$$
==================-CUBE-======================
=====UP VIEW=====
	2 2 6
	1 1 2
	6 5 6

	4 4 4
	4 4 4
	4 4 4

3 1 3 	5 3 5 	1 6 1
5 6 3 	2 3 3 	6 5 1
6 2 2 	3 3 2 	5 1 1

	5 5 1
	5 2 6
	3 6 2

===============================================
===================================================
RUNNING TEST
CURRENT: 3	DEPTH:8	Iter: 16
[2] [0] [0] [0] [0] [0] [0] [0] [0] [0] [0] [0] [0] [0] [0] [0] [1] [0] ++=================================++
[M]	[M]	[B']	[R]	[D]	[S']	[E]	[L']	[S']	++MOVES
$$$$$$$$$$$$$$$$$$$$$$$$JJJJJJJJJJJJJACCCCCCCKKKKKKKPPPPPPPPPOOOOOOTTTTTT$$$$$$$$$$$$$$$$$$$$$$$$$$$$$$$$$$$$$$$$$$$$$$$
==================-CUBE-======================
=====UP VIEW=====
	3 5 4
	5 4 6
	6 6 5

	4 4 1
	5 1 6
	1 6 6

3 4 5 	2 2 2 	3 1 4
3 5 5 	2 2 2 	3 6 3
4 3 5 	2 2 2 	1 1 1

	3 1 6
	4 3 4
	5 1 6

===============================================
===================================================
RUNNING TEST
CURRENT: 1	DEPTH:8	Iter: 3
[0] [0] [0] [1] [2] [0] [0] [0] [0] [0] [0] [0] [0] [0] [0] [0] [0] [0] ++=================================++
[M]	[R]	[F]	[U]	[S]	[D]	[S']	[M]	[L']	++MOVES
$$$$$$$$$$$$$$$$$$$$$$$$JJJJJJJJJJJJJACCCCCCCKKKKKKKPPPPPPPPPOOOOOOTTTTTT$$$$$$$$$$$$$$$$$$$$$$$$$$$$$$$$$$$$$$$$$$$$$$$
==================-CUBE-======================
=====UP VIEW=====
	3 5 4
	5 4 6
	6 6 5

	4 4 1
	5 1 6
	1 6 6

3 4 5 	2 2 2 	3 1 4
3 5 5 	2 2 2 	3 6 3
4 3 5 	2 2 2 	1 1 1

	3 1 6
	4 3 4
	5 1 6

===============================================
===================================================
RUNNING TEST
CURRENT: 3	DEPTH:8	Iter: 1
[2] [1] [0] [0] [0] [0] [0] [0] [0] [0] [0] [0] [0] [0] [0] [0] [0] [0] ++=================================++
[M]	[R]	[F]	[U]	[S]	[D]	[S']	[L']	[M]	++MOVES
$$$$$$$$$$$$$$$$$$$$$$$$JJJJJJJJJJJJJACCCCCCCKKKKKKKPPPPPPPPPOOOOOOTTTTTT$$$$$$$$$$$$$$$$$$$$$$$$$$$$$$$$$$$$$$$$$$$$$$$
==================-CUBE-======================
=====UP VIEW=====
	5 6 5
	2 3 6
	2 2 1

	5 1 2
	6 2 5
	3 2 2

1 3 6 	2 5 5 	3 3 6
6 6 5 	1 1 2 	3 5 1
3 1 3 	6 3 6 	1 5 1

	4 4 4
	4 4 4
	4 4 4

===============================================
===================================================
RUNNING TEST
CURRENT: 11	DEPTH:8	Iter: 13
[0] [0] [0] [0] [0] [0] [0] [0] [2] [0] [0] [0] [0] [1] [0] [0] [0] [0] ++=================================++
[M]	[R']	[F]	[S']	[L]	[S]	[S]	[D']	[S]	++MOVES
$$$$$$$$$$$$$$$$$$$$$$$$JJJJJJJJJJJJJACCCCCCCKKKKKKKPPPPPPPPPOOOOOOTTTTTT$$$$$$$$$$$$$$$$$$$$$$$$$$$$$$$$$$$$$$$$$$$$$$$
==================-CUBE-======================
=====UP VIEW=====
	5 6 5
	2 3 6
	2 2 1

	5 1 2
	6 2 5
	3 2 2

1 3 6 	2 5 5 	3 3 6
6 6 5 	1 1 2 	3 5 1
3 1 3 	6 3 6 	1 5 1

	4 4 4
	4 4 4
	4 4 4

===============================================
===================================================
RUNNING TEST
CURRENT: 11	DEPTH:8	Iter: 13
[0] [0] [0] [0] [0] [0] [0] [0] [2] [0] [0] [0] [0] [1] [0] [0] [0] [0] ++=================================++
[M]	[R']	[F]	[S']	[L]	[S']	[S']	[D']	[S]	++MOVES
$$$$$$$$$$$$$$$$$$$$$$$$JJJJJJJJJJJJJACCCCCCCKKKKKKKPPPPPPPPPOOOOOOTTTTTT$$$$$$$$$$$$$$$$$$$$$$$$$$$$$$$$$$$$$$$$$$$$$$$
==================-CUBE-======================
=====UP VIEW=====
	5 6 5
	2 3 6
	2 2 1

	5 1 2
	6 2 5
	3 2 2

1 3 6 	2 5 5 	3 3 6
6 6 5 	1 1 2 	3 5 1
3 1 3 	6 3 6 	1 5 1

	4 4 4
	4 4 4
	4 4 4

===============================================
===================================================
RUNNING TEST
CURRENT: 11	DEPTH:8	Iter: 13
[0] [0] [0] [0] [0] [0] [0] [0] [2] [0] [0] [0] [0] [1] [0] [0] [0] [0] ++=================================++
[M]	[R']	[S']	[F]	[L]	[S]	[S]	[D']	[S]	++MOVES
$$$$$$$$$$$$$$$$$$$$$$$$JJJJJJJJJJJJJACCCCCCCKKKKKKKPPPPPPPPPOOOOOOTTTTTT$$$$$$$$$$$$$$$$$$$$$$$$$$$$$$$$$$$$$$$$$$$$$$$
==================-CUBE-======================
=====UP VIEW=====
	5 6 5
	2 3 6
	2 2 1

	5 1 2
	6 2 5
	3 2 2

1 3 6 	2 5 5 	3 3 6
6 6 5 	1 1 2 	3 5 1
3 1 3 	6 3 6 	1 5 1

	4 4 4
	4 4 4
	4 4 4

===============================================
===================================================
RUNNING TEST
CURRENT: 11	DEPTH:8	Iter: 13
[0] [0] [0] [0] [0] [0] [0] [0] [2] [0] [0] [0] [0] [1] [0] [0] [0] [0] ++=================================++
[M]	[R']	[S']	[F]	[L]	[S']	[S']	[D']	[S]	++MOVES
$$$$$$$$$$$$$$$$$$$$$$$$JJJJJJJJJJJJJACCCCCCCKKKKKKKPPPPPPPPPOOOOOOTTTTTT$$$$$$$$$$$$$$$$$$$$$$$$$$$$$$$$$$$$$$$$$$$$$$$
==================-CUBE-======================
=====UP VIEW=====
	4 2 2
	2 6 5
	2 2 6

	6 6 4
	5 4 2
	5 5 4

3 3 3 	2 4 5 	1 1 1
3 3 3 	6 5 1 	6 1 1
3 3 3 	4 4 2 	1 4 1

	5 6 6
	4 2 1
	6 5 5

===============================================
===================================================
RUNNING TEST
CURRENT: 3	DEPTH:8	Iter: 10
[2] [0] [0] [0] [0] [0] [0] [0] [0] [0] [1] [0] [0] [0] [0] [0] [0] [0] ++=================================++
[M]	[U']	[L']	[R']	[F]	[U']	[D']	[L']	[E']	++MOVES
$$$$$$$$$$$$$$$$$$$$$$$$JJJJJJJJJJJJJACCCCCCCKKKKKKKPPPPPPPPPOOOOOOTTTTTT$$$$$$$$$$$$$$$$$$$$$$$$$$$$$$$$$$$$$$$$$$$$$$$
==================-CUBE-======================
=====UP VIEW=====
	4 2 2
	2 6 5
	2 2 6

	6 6 4
	5 4 2
	5 5 4

3 3 3 	2 4 5 	1 1 1
3 3 3 	6 5 1 	6 1 1
3 3 3 	4 4 2 	1 4 1

	5 6 6
	4 2 1
	6 5 5

===============================================
===================================================
RUNNING TEST
CURRENT: 3	DEPTH:8	Iter: 10
[2] [0] [0] [0] [0] [0] [0] [0] [0] [0] [1] [0] [0] [0] [0] [0] [0] [0] ++=================================++
[M]	[U']	[L']	[R']	[F]	[D']	[U']	[L']	[E']	++MOVES
$$$$$$$$$$$$$$$$$$$$$$$$JJJJJJJJJJJJJACCCCCCCKKKKKKKPPPPPPPPPOOOOOOTTTTTT$$$$$$$$$$$$$$$$$$$$$$$$$$$$$$$$$$$$$$$$$$$$$$$
==================-CUBE-======================
=====UP VIEW=====
	4 2 2
	2 6 5
	2 2 6

	6 6 4
	5 4 2
	5 5 4

3 3 3 	2 4 5 	1 1 1
3 3 3 	6 5 1 	6 1 1
3 3 3 	4 4 2 	1 4 1

	5 6 6
	4 2 1
	6 5 5

===============================================
===================================================
RUNNING TEST
CURRENT: 3	DEPTH:8	Iter: 10
[2] [0] [0] [0] [0] [0] [0] [0] [0] [0] [1] [0] [0] [0] [0] [0] [0] [0] ++=================================++
[M]	[U']	[R']	[L']	[F]	[U']	[D']	[L']	[E']	++MOVES
$$$$$$$$$$$$$$$$$$$$$$$$JJJJJJJJJJJJJACCCCCCCKKKKKKKPPPPPPPPPOOOOOOTTTTTT$$$$$$$$$$$$$$$$$$$$$$$$$$$$$$$$$$$$$$$$$$$$$$$
==================-CUBE-======================
=====UP VIEW=====
	4 2 2
	2 6 5
	2 2 6

	6 6 4
	5 4 2
	5 5 4

3 3 3 	2 4 5 	1 1 1
3 3 3 	6 5 1 	6 1 1
3 3 3 	4 4 2 	1 4 1

	5 6 6
	4 2 1
	6 5 5

===============================================
===================================================
RUNNING TEST
CURRENT: 3	DEPTH:8	Iter: 10
[2] [0] [0] [0] [0] [0] [0] [0] [0] [0] [1] [0] [0] [0] [0] [0] [0] [0] ++=================================++
[M]	[U']	[R']	[L']	[F]	[D']	[U']	[L']	[E']	++MOVES
$$$$$$$$$$$$$$$$$$$$$$$$JJJJJJJJJJJJJACCCCCCCKKKKKKKPPPPPPPPPOOOOOOTTTTTT$$$$$$$$$$$$$$$$$$$$$$$$$$$$$$$$$$$$$$$$$$$$$$$
==================-CUBE-======================
=====UP VIEW=====
	2 2 2
	2 2 2
	2 2 2

	1 3 1
	5 5 3
	4 5 3

6 1 3 	5 4 4 	6 5 5
1 1 4 	3 4 1 	6 3 5
6 4 4 	1 6 6 	1 6 5

	5 3 4
	1 6 4
	3 6 3

===============================================
===================================================
RUNNING TEST
CURRENT: 8	DEPTH:8	Iter: 2
[0] [0] [1] [0] [0] [0] [0] [0] [0] [0] [0] [2] [0] [0] [0] [0] [0] [0] ++=================================++
[M]	[U']	[F']	[L']	[U']	[S]	[E]	[D]	[R]	++MOVES
$$$$$$$$$$$$$$$$$$$$$$$$JJJJJJJJJJJJJACCCCCCCKKKKKKKPPPPPPPPPOOOOOOTTTTTT$$$$$$$$$$$$$$$$$$$$$$$$$$$$$$$$$$$$$$$$$$$$$$$
==================-CUBE-======================
=====UP VIEW=====
	2 2 2
	2 2 2
	2 2 2

	1 3 1
	5 5 3
	4 5 3

6 1 3 	5 4 4 	6 5 5
1 1 4 	3 4 1 	6 3 5
6 4 4 	1 6 6 	1 6 5

	5 3 4
	1 6 4
	3 6 3

===============================================
===================================================
RUNNING TEST
CURRENT: 7	DEPTH:8	Iter: 2
[0] [0] [1] [0] [0] [0] [0] [0] [0] [0] [2] [0] [0] [0] [0] [0] [0] [0] ++=================================++
[M]	[U']	[F']	[L']	[U']	[S]	[D]	[E]	[R]	++MOVES
$$$$$$$$$$$$$$$$$$$$$$$$JJJJJJJJJJJJJACCCCCCCKKKKKKKPPPPPPPPPOOOOOOTTTTTT$$$$$$$$$$$$$$$$$$$$$$$$$$$$$$$$$$$$$$$$$$$$$$$
==================-CUBE-======================
=====UP VIEW=====
	4 4 4
	4 4 4
	4 4 4

	5 6 5
	2 5 3
	3 3 2

3 5 2 	5 2 1 	5 6 1
1 3 6 	1 2 2 	6 1 3
3 5 6 	3 3 2 	1 1 1

	2 5 6
	1 6 2
	6 5 6

===============================================
===================================================
RUNNING TEST
CURRENT: 7	DEPTH:8	Iter: 5
[0] [0] [0] [0] [0] [1] [0] [0] [0] [0] [2] [0] [0] [0] [0] [0] [0] [0] ++=================================++
[M]	[E']	[B']	[E']	[R]	[D]	[S']	[E]	[R']	++MOVES
$$$$$$$$$$$$$$$$$$$$$$$$JJJJJJJJJJJJJACCCCCCCKKKKKKKPPPPPPPPPOOOOOOTTTTTT$$$$$$$$$$$$$$$$$$$$$$$$$$$$$$$$$$$$$$$$$$$$$$$
==================-CUBE-======================
=====UP VIEW=====
	3 3 2
	1 6 1
	3 6 6

	6 3 2
	5 1 2
	6 3 6

4 4 4 	1 5 1 	2 6 3
4 4 4 	6 5 2 	1 2 5
4 4 4 	1 5 5 	1 6 5

	5 2 2
	3 3 1
	5 2 3

===============================================
===================================================
RUNNING TEST
CURRENT: 14	DEPTH:8	Iter: 7
[0] [0] [0] [0] [0] [0] [0] [1] [0] [0] [0] [0] [0] [0] [0] [0] [0] [2] ++=================================++
[M]	[S]	[M]	[F']	[U']	[L']	[E]	[B]	[E]	++MOVES
$$$$$$$$$$$$$$$$$$$$$$$$JJJJJJJJJJJJJACCCCCCCKKKKKKKPPPPPPPPPOOOOOOTTTTTT$$$$$$$$$$$$$$$$$$$$$$$$$$$$$$$$$$$$$$$$$$$$$$$
==================-CUBE-======================
=====UP VIEW=====
	6 3 2
	5 5 2
	6 5 6

	1 1 1
	6 3 5
	1 3 5

4 4 4 	5 5 2 	1 2 2
4 4 4 	3 6 1 	6 2 6
4 4 4 	5 2 3 	5 2 3

	3 3 2
	1 1 1
	3 6 6

===============================================
===================================================
RUNNING TEST
CURRENT: 8	DEPTH:8	Iter: 16
[0] [0] [0] [0] [0] [0] [0] [0] [0] [0] [0] [2] [0] [0] [0] [0] [1] [0] ++=================================++
[M]	[S]	[M]	[F']	[U']	[R']	[S']	[D]	[S']	++MOVES
$$$$$$$$$$$$$$$$$$$$$$$$JJJJJJJJJJJJJACCCCCCCKKKKKKKPPPPPPPPPOOOOOOTTTTTT$$$$$$$$$$$$$$$$$$$$$$$$$$$$$$$$$$$$$$$$$$$$$$$
==================-CUBE-======================
=====UP VIEW=====
	4 4 4
	4 4 4
	4 4 4

	5 6 5
	3 1 1
	5 5 1

3 5 2 	1 2 2 	6 5 1
1 5 3 	2 2 1 	6 6 3
3 1 3 	5 6 3 	2 3 1

	2 2 6
	2 3 6
	6 5 6

===============================================
===================================================
RUNNING TEST
CURRENT: 17	DEPTH:8	Iter: 1
[0] [1] [0] [0] [0] [0] [0] [0] [0] [0] [0] [0] [0] [0] [2] [0] [0] [0] ++=================================++
[M]	[S]	[F']	[U']	[R']	[S']	[U]	[B']	[M]	++MOVES
$$$$$$$$$$$$$$$$$$$$$$$$JJJJJJJJJJJJJACCCCCCCKKKKKKKPPPPPPPPPOOOOOOTTTTTT$$$$$$$$$$$$$$$$$$$$$$$$$$$$$$$$$$$$$$$$$$$$$$$
==================-CUBE-======================
=====UP VIEW=====
	4 4 4
	4 4 4
	4 4 4

	5 6 5
	1 1 1
	5 5 1

3 2 2 	1 2 2 	6 5 1
1 5 3 	2 2 6 	3 6 3
3 3 3 	5 6 3 	2 6 1

	2 2 6
	5 3 1
	6 5 6

===============================================
===================================================
RUNNING TEST
CURRENT: 15	DEPTH:8	Iter: 1
[0] [1] [0] [0] [0] [0] [0] [0] [0] [0] [0] [0] [2] [0] [0] [0] [0] [0] ++=================================++
[M]	[S]	[B']	[R]	[D]	[S']	[R']	[F']	[M]	++MOVES
$$$$$$$$$$$$$$$$$$$$$$$$JJJJJJJJJJJJJACCCCCCCKKKKKKKPPPPPPPPPOOOOOOTTTTTT$$$$$$$$$$$$$$$$$$$$$$$$$$$$$$$$$$$$$$$$$$$$$$$
==================-CUBE-======================
=====UP VIEW=====
	5 1 5
	5 1 6
	1 1 5

	6 5 1
	3 6 3
	2 6 1

2 6 3 	6 1 6 	4 4 4
2 2 6 	2 3 5 	4 4 4
1 2 5 	2 5 6 	4 4 4

	3 3 3
	3 5 1
	2 2 3

===============================================
===================================================
RUNNING TEST
CURRENT: 0	DEPTH:8	Iter: 7
[0] [0] [0] [2] [0] [0] [0] [1] [0] [0] [0] [0] [0] [0] [0] [0] [0] [0] ++=================================++
[M]	[F']	[E]	[D']	[F]	[M]	[U]	[L]	[E]	++MOVES
$$$$$$$$$$$$$$$$$$$$$$$$JJJJJJJJJJJJJACCCCCCCKKKKKKKPPPPPPPPPOOOOOOTTTTTT$$$$$$$$$$$$$$$$$$$$$$$$$$$$$$$$$$$$$$$$$$$$$$$
==================-CUBE-======================
=====UP VIEW=====
	2 3 3
	2 5 3
	3 1 3

	4 4 4
	4 4 4
	4 4 4

5 6 5 	1 3 1 	6 5 6
1 1 1 	5 6 6 	1 3 5
5 5 1 	6 3 2 	6 2 2

	2 6 3
	2 2 6
	1 2 5

===============================================
===================================================
RUNNING TEST
CURRENT: 11	DEPTH:8	Iter: 13
[0] [0] [0] [0] [0] [0] [0] [0] [2] [0] [0] [0] [0] [1] [0] [0] [0] [0] ++=================================++
[M]	[F']	[U']	[L']	[M']	[E]	[F]	[D']	[S]	++MOVES
$$$$$$$$$$$$$$$$$$$$$$$$JJJJJJJJJJJJJACCCCCCCKKKKKKKPPPPPPPPPOOOOOOTTTTTT$$$$$$$$$$$$$$$$$$$$$$$$$$$$$$$$$$$$$$$$$$$$$$$
==================-CUBE-======================
=====UP VIEW=====
	2 2 6
	2 5 3
	6 5 6

	4 4 4
	4 4 4
	4 4 4

3 1 3 	5 6 5 	1 3 1
1 1 1 	5 6 6 	1 3 5
3 3 2 	5 5 1 	6 3 2

	1 2 2
	2 2 6
	5 6 3

===============================================
===================================================
RUNNING TEST
CURRENT: 9	DEPTH:8	Iter: 1
[0] [1] [0] [0] [0] [0] [2] [0] [0] [0] [0] [0] [0] [0] [0] [0] [0] [0] ++=================================++
[M]	[F']	[U']	[L']	[E]	[M']	[F]	[U']	[M]	++MOVES
$$$$$$$$$$$$$$$$$$$$$$$$JJJJJJJJJJJJJACCCCCCCKKKKKKKPPPPPPPPPOOOOOOTTTTTT$$$$$$$$$$$$$$$$$$$$$$$$$$$$$$$$$$$$$$$$$$$$$$$
==================-CUBE-======================
=====UP VIEW=====
	2 3 3
	2 5 3
	3 1 3

	4 4 4
	4 4 4
	4 4 4

5 6 5 	1 3 1 	6 5 6
1 1 1 	5 6 6 	1 3 5
5 5 1 	6 3 2 	6 2 2

	2 6 3
	2 2 6
	1 2 5

===============================================
===================================================
RUNNING TEST
CURRENT: 11	DEPTH:8	Iter: 13
[0] [0] [0] [0] [0] [0] [0] [0] [2] [0] [0] [0] [0] [1] [0] [0] [0] [0] ++=================================++
[M]	[F']	[U']	[M']	[L']	[E]	[F]	[D']	[S]	++MOVES
$$$$$$$$$$$$$$$$$$$$$$$$JJJJJJJJJJJJJACCCCCCCKKKKKKKPPPPPPPPPOOOOOOTTTTTT$$$$$$$$$$$$$$$$$$$$$$$$$$$$$$$$$$$$$$$$$$$$$$$
==================-CUBE-======================
=====UP VIEW=====
	4 4 4
	4 4 4
	4 4 4

	5 6 5
	1 1 1
	5 5 1

3 2 2 	1 2 2 	6 5 1
1 5 3 	2 2 6 	3 6 3
3 3 3 	5 6 3 	2 6 1

	2 2 6
	5 3 1
	6 5 6

===============================================
===================================================
RUNNING TEST
CURRENT: 15	DEPTH:8	Iter: 1
[0] [1] [0] [0] [0] [0] [0] [0] [0] [0] [0] [0] [2] [0] [0] [0] [0] [0] ++=================================++
[M]	[F']	[U']	[R']	[F]	[B']	[R']	[F']	[M]	++MOVES
$$$$$$$$$$$$$$$$$$$$$$$$JJJJJJJJJJJJJACCCCCCCKKKKKKKPPPPPPPPPOOOOOOTTTTTT$$$$$$$$$$$$$$$$$$$$$$$$$$$$$$$$$$$$$$$$$$$$$$$
==================-CUBE-======================
=====UP VIEW=====
	4 4 4
	4 4 4
	4 4 4

	5 6 5
	1 1 1
	5 5 1

3 2 2 	1 2 2 	6 5 1
1 5 3 	2 2 6 	3 6 3
3 3 3 	5 6 3 	2 6 1

	2 2 6
	5 3 1
	6 5 6

===============================================
===================================================
RUNNING TEST
CURRENT: 17	DEPTH:8	Iter: 1
[0] [1] [0] [0] [0] [0] [0] [0] [0] [0] [0] [0] [0] [0] [2] [0] [0] [0] ++=================================++
[M]	[F']	[U']	[R']	[S']	[U]	[S]	[B']	[M]	++MOVES
$$$$$$$$$$$$$$$$$$$$$$$$JJJJJJJJJJJJJACCCCCCCKKKKKKKPPPPPPPPPOOOOOOTTTTTT$$$$$$$$$$$$$$$$$$$$$$$$$$$$$$$$$$$$$$$$$$$$$$$
==================-CUBE-======================
=====UP VIEW=====
	4 4 4
	4 4 4
	4 4 4

	1 3 1
	5 6 6
	6 3 2

5 1 1 	2 6 3 	6 1 6
6 1 5 	2 2 6 	2 3 5
5 1 5 	1 2 5 	2 5 6

	2 3 3
	2 5 3
	3 1 3

===============================================
===================================================
RUNNING TEST
CURRENT: 15	DEPTH:7	Iter: 7
[0] [0] [0] [0] [0] [0] [0] [1] [0] [0] [0] [0] [2] [0] [0] [0] [0] [0] ++=================================++
[M]	[F']	[U']	[R']	[S']	[U]	[F']	[E]	++MOVES
$$$$$$$$$$$$$$$$$$$$$$$$JJJJJJJJJJJJJACCCCCCCKKKKKKKPPPPPPPPPOOOOOOTTTTTT$$$$$$$$$$$$$$$$$$$$$$$$$$$$$$$$$$$$$$$$$$$$$$$
==================-CUBE-======================
=====UP VIEW=====
	4 4 4
	4 4 4
	4 4 4

	1 3 1
	5 6 6
	5 5 1

5 1 2 	1 2 2 	6 1 6
6 1 3 	2 2 6 	3 3 5
5 1 3 	5 6 3 	2 5 6

	2 2 6
	2 5 3
	3 1 3

===============================================
===================================================
RUNNING TEST
CURRENT: 7	DEPTH:8	Iter: 12
[0] [0] [0] [0] [0] [0] [0] [0] [0] [0] [2] [0] [1] [0] [0] [0] [0] [0] ++=================================++
[M]	[F']	[U']	[R']	[S']	[U]	[F']	[E]	[F]	++MOVES
$$$$$$$$$$$$$$$$$$$$$$$$JJJJJJJJJJJJJACCCCCCCKKKKKKKPPPPPPPPPOOOOOOTTTTTT$$$$$$$$$$$$$$$$$$$$$$$$$$$$$$$$$$$$$$$$$$$$$$$
==================-CUBE-======================
=====UP VIEW=====
	4 4 4
	4 4 4
	4 4 4

	1 3 1
	1 1 1
	6 3 2

5 2 1 	2 6 3 	6 5 6
6 5 5 	2 2 6 	2 6 5
5 3 5 	1 2 5 	2 6 6

	2 3 3
	5 3 1
	3 1 3

===============================================
===================================================
RUNNING TEST
CURRENT: 7	DEPTH:8	Iter: 13
[0] [0] [0] [0] [0] [0] [0] [0] [0] [0] [2] [0] [0] [1] [0] [0] [0] [0] ++=================================++
[M]	[F']	[U']	[R']	[S']	[U]	[F']	[E]	[S]	++MOVES
$$$$$$$$$$$$$$$$$$$$$$$$JJJJJJJJJJJJJACCCCCCCKKKKKKKPPPPPPPPPOOOOOOTTTTTT$$$$$$$$$$$$$$$$$$$$$$$$$$$$$$$$$$$$$$$$$$$$$$$
==================-CUBE-======================
=====UP VIEW=====
	4 4 4
	4 4 4
	4 4 4

	6 5 6
	5 6 6
	6 3 2

1 1 1 	2 6 3 	6 1 3
3 1 5 	2 2 6 	2 3 1
1 1 5 	1 2 5 	2 5 3

	2 3 3
	2 5 3
	5 6 5

===============================================
===================================================
RUNNING TEST
CURRENT: 7	DEPTH:8	Iter: 14
[0] [0] [0] [0] [0] [0] [0] [0] [0] [0] [2] [0] [0] [0] [1] [0] [0] [0] ++=================================++
[M]	[F']	[U']	[R']	[S']	[U]	[F']	[E]	[B]	++MOVES
$$$$$$$$$$$$$$$$$$$$$$$$JJJJJJJJJJJJJACCCCCCCKKKKKKKPPPPPPPPPOOOOOOTTTTTT$$$$$$$$$$$$$$$$$$$$$$$$$$$$$$$$$$$$$$$$$$$$$$$
==================-CUBE-======================
=====UP VIEW=====
	4 4 4
	4 4 4
	4 4 4

	1 3 1
	5 6 6
	6 2 2

5 1 2 	3 6 5 	3 1 6
6 1 3 	6 2 2 	3 3 5
5 1 6 	2 2 1 	2 5 6

	1 5 5
	2 5 3
	3 1 3

===============================================
===================================================
RUNNING TEST
CURRENT: 7	DEPTH:8	Iter: 15
[0] [0] [0] [0] [0] [0] [0] [0] [0] [0] [2] [0] [0] [0] [0] [1] [0] [0] ++=================================++
[M]	[F']	[U']	[R']	[S']	[U]	[F']	[E]	[F']	++MOVES
$$$$$$$$$$$$$$$$$$$$$$$$JJJJJJJJJJJJJACCCCCCCKKKKKKKPPPPPPPPPOOOOOOTTTTTT$$$$$$$$$$$$$$$$$$$$$$$$$$$$$$$$$$$$$$$$$$$$$$$
==================-CUBE-======================
=====UP VIEW=====
	4 4 4
	4 4 4
	4 4 4

	1 3 1
	1 3 5
	6 3 2

5 6 1 	2 6 3 	6 3 6
6 6 5 	2 2 6 	2 5 5
5 5 5 	1 2 5 	2 2 6

	2 3 3
	1 1 1
	3 1 3

===============================================
===================================================
RUNNING TEST
CURRENT: 7	DEPTH:8	Iter: 16
[0] [0] [0] [0] [0] [0] [0] [0] [0] [0] [2] [0] [0] [0] [0] [0] [1] [0] ++=================================++
[M]	[F']	[U']	[R']	[S']	[U]	[F']	[E]	[S']	++MOVES
$$$$$$$$$$$$$$$$$$$$$$$$JJJJJJJJJJJJJACCCCCCCKKKKKKKPPPPPPPPPOOOOOOTTTTTT$$$$$$$$$$$$$$$$$$$$$$$$$$$$$$$$$$$$$$$$$$$$$$$
==================-CUBE-======================
=====UP VIEW=====
	4 4 4
	4 4 4
	4 4 4

	5 6 5
	5 6 6
	6 3 2

3 1 1 	2 6 3 	6 1 1
1 1 5 	2 2 6 	2 3 3
3 1 5 	1 2 5 	2 5 1

	2 3 3
	2 5 3
	6 5 6

===============================================
===================================================
RUNNING TEST
CURRENT: 7	DEPTH:8	Iter: 17
[0] [0] [0] [0] [0] [0] [0] [0] [0] [0] [2] [0] [0] [0] [0] [0] [0] [1] ++=================================++
[M]	[F']	[U']	[R']	[S']	[U]	[F']	[E]	[B']	++MOVES
$$$$$$$$$$$$$$$$$$$$$$$$JJJJJJJJJJJJJACCCCCCCKKKKKKKPPPPPPPPPOOOOOOTTTTTT$$$$$$$$$$$$$$$$$$$$$$$$$$$$$$$$$$$$$$$$$$$$$$$
==================-CUBE-======================
=====UP VIEW=====
	6 5 2
	5 3 2
	6 1 6

	1 6 2
	3 6 3
	1 5 6

4 4 4 	5 1 1 	2 6 3
4 4 4 	6 1 5 	2 2 6
4 4 4 	5 1 5 	1 2 5

	3 2 2
	1 5 3
	3 3 3

===============================================
===================================================
RUNNING TEST
CURRENT: 8	DEPTH:8	Iter: 9
[0] [0] [0] [0] [0] [0] [0] [0] [0] [1] [0] [2] [0] [0] [0] [0] [0] [0] ++=================================++
[M]	[F']	[U']	[R']	[S']	[U]	[F']	[D]	[U']	++MOVES
$$$$$$$$$$$$$$$$$$$$$$$$JJJJJJJJJJJJJACCCCCCCKKKKKKKPPPPPPPPPOOOOOOTTTTTT$$$$$$$$$$$$$$$$$$$$$$$$$$$$$$$$$$$$$$$$$$$$$$$
==================-CUBE-======================
=====UP VIEW=====
	6 5 2
	5 3 2
	6 1 6

	1 6 2
	3 6 3
	1 5 6

4 4 4 	5 1 1 	2 6 3
4 4 4 	6 1 5 	2 2 6
4 4 4 	5 1 5 	1 2 5

	3 2 2
	1 5 3
	3 3 3

===============================================
===================================================
RUNNING TEST
CURRENT: 9	DEPTH:8	Iter: 8
[0] [0] [0] [0] [0] [0] [2] [0] [1] [0] [0] [0] [0] [0] [0] [0] [0] [0] ++=================================++
[M]	[F']	[U']	[R']	[S']	[U]	[F']	[U']	[D]	++MOVES
$$$$$$$$$$$$$$$$$$$$$$$$JJJJJJJJJJJJJACCCCCCCKKKKKKKPPPPPPPPPOOOOOOTTTTTT$$$$$$$$$$$$$$$$$$$$$$$$$$$$$$$$$$$$$$$$$$$$$$$
==================-CUBE-======================
=====UP VIEW=====
	4 4 4
	4 4 4
	4 4 4

	5 6 5
	1 1 1
	5 5 1

3 2 2 	1 2 2 	6 5 1
1 5 3 	2 2 6 	3 6 3
3 3 3 	5 6 3 	2 6 1

	2 2 6
	5 3 1
	6 5 6

===============================================
===================================================
RUNNING TEST
CURRENT: 13	DEPTH:8	Iter: 1
[0] [1] [0] [0] [0] [0] [0] [0] [0] [0] [0] [0] [0] [0] [0] [0] [2] [0] ++=================================++
[M]	[F']	[U']	[R']	[S']	[U]	[B']	[S]	[M]	++MOVES
$$$$$$$$$$$$$$$$$$$$$$$$JJJJJJJJJJJJJACCCCCCCKKKKKKKPPPPPPPPPOOOOOOTTTTTT$$$$$$$$$$$$$$$$$$$$$$$$$$$$$$$$$$$$$$$$$$$$$$$
==================-CUBE-======================
=====UP VIEW=====
	6 5 2
	5 3 2
	6 1 6

	1 6 2
	3 6 3
	1 5 6

4 4 4 	5 1 1 	2 6 3
4 4 4 	6 1 5 	2 2 6
4 4 4 	5 1 5 	1 2 5

	3 2 2
	1 5 3
	3 3 3

===============================================
===================================================
RUNNING TEST
CURRENT: 2	DEPTH:8	Iter: 7
[0] [0] [0] [0] [0] [2] [0] [1] [0] [0] [0] [0] [0] [0] [0] [0] [0] [0] ++=================================++
[M]	[F']	[U']	[R']	[S']	[D]	[E']	[R]	[E]	++MOVES
$$$$$$$$$$$$$$$$$$$$$$$$JJJJJJJJJJJJJACCCCCCCKKKKKKKPPPPPPPPPOOOOOOTTTTTT$$$$$$$$$$$$$$$$$$$$$$$$$$$$$$$$$$$$$$$$$$$$$$$
==================-CUBE-======================
=====UP VIEW=====
	6 5 2
	5 3 2
	6 1 6

	1 6 2
	3 6 3
	1 5 6

4 4 4 	5 1 1 	2 6 3
4 4 4 	6 1 5 	2 2 6
4 4 4 	5 1 5 	1 2 5

	3 2 2
	1 5 3
	3 3 3

===============================================
===================================================
RUNNING TEST
CURRENT: 2	DEPTH:8	Iter: 7
[0] [0] [0] [0] [0] [2] [0] [1] [0] [0] [0] [0] [0] [0] [0] [0] [0] [0] ++=================================++
[M]	[F']	[U']	[R']	[S']	[E']	[D]	[R]	[E]	++MOVES
$$$$$$$$$$$$$$$$$$$$$$$$JJJJJJJJJJJJJACCCCCCCKKKKKKKPPPPPPPPPOOOOOOTTTTTT$$$$$$$$$$$$$$$$$$$$$$$$$$$$$$$$$$$$$$$$$$$$$$$
==================-CUBE-======================
=====UP VIEW=====
	4 4 4
	4 4 4
	4 4 4

	5 6 5
	1 1 1
	5 5 1

3 2 2 	1 2 2 	6 5 1
1 5 3 	2 2 6 	3 6 3
3 3 3 	5 6 3 	2 6 1

	2 2 6
	5 3 1
	6 5 6

===============================================
===================================================
RUNNING TEST
CURRENT: 15	DEPTH:8	Iter: 1
[0] [1] [0] [0] [0] [0] [0] [0] [0] [0] [0] [0] [2] [0] [0] [0] [0] [0] ++=================================++
[M]	[F']	[U']	[R']	[B']	[F]	[R']	[F']	[M]	++MOVES
$$$$$$$$$$$$$$$$$$$$$$$$JJJJJJJJJJJJJACCCCCCCKKKKKKKPPPPPPPPPOOOOOOTTTTTT$$$$$$$$$$$$$$$$$$$$$$$$$$$$$$$$$$$$$$$$$$$$$$$
==================-CUBE-======================
=====UP VIEW=====
	4 4 4
	4 4 4
	4 4 4

	5 6 5
	5 1 6
	5 5 1

3 1 2 	1 2 2 	6 1 1
1 5 3 	2 2 6 	2 6 3
3 3 3 	5 1 3 	2 3 1

	2 2 6
	5 3 6
	6 5 6

===============================================
===================================================
RUNNING TEST
CURRENT: 17	DEPTH:8	Iter: 1
[0] [1] [0] [0] [0] [0] [0] [0] [0] [0] [0] [0] [0] [0] [2] [0] [0] [0] ++=================================++
[M]	[F']	[U']	[S]	[R']	[S']	[U]	[B']	[M]	++MOVES
$$$$$$$$$$$$$$$$$$$$$$$$JJJJJJJJJJJJJACCCCCCCKKKKKKKPPPPPPPPPOOOOOOTTTTTT$$$$$$$$$$$$$$$$$$$$$$$$$$$$$$$$$$$$$$$$$$$$$$$
==================-CUBE-======================
=====UP VIEW=====
	4 4 4
	4 4 4
	4 4 4

	6 5 6
	5 5 2
	1 2 5

1 1 5 	2 6 3 	2 1 3
6 3 5 	3 2 1 	6 1 3
1 6 6 	2 2 3 	2 5 3

	1 3 6
	3 6 2
	5 1 5

===============================================
===================================================
RUNNING TEST
CURRENT: 10	DEPTH:8	Iter: 5
[0] [0] [0] [0] [0] [1] [0] [2] [0] [0] [0] [0] [0] [0] [0] [0] [0] [0] ++=================================++
[M]	[F']	[U']	[F']	[L']	[U]	[S]	[E']	[R']	++MOVES
$$$$$$$$$$$$$$$$$$$$$$$$JJJJJJJJJJJJJACCCCCCCKKKKKKKPPPPPPPPPOOOOOOTTTTTT$$$$$$$$$$$$$$$$$$$$$$$$$$$$$$$$$$$$$$$$$$$$$$$
==================-CUBE-======================
=====UP VIEW=====
	5 1 5
	5 1 6
	1 1 5

	6 5 1
	3 6 3
	2 6 1

2 6 3 	6 1 6 	4 4 4
2 2 6 	2 3 5 	4 4 4
1 2 5 	2 5 6 	4 4 4

	3 3 3
	3 5 1
	2 2 3

===============================================
===================================================
RUNNING TEST
CURRENT: 0	DEPTH:8	Iter: 7
[0] [0] [0] [2] [0] [0] [0] [1] [0] [0] [0] [0] [0] [0] [0] [0] [0] [0] ++=================================++
[M]	[F']	[D']	[E]	[F]	[M]	[U]	[L]	[E]	++MOVES
$$$$$$$$$$$$$$$$$$$$$$$$JJJJJJJJJJJJJACCCCCCCKKKKKKKPPPPPPPPPOOOOOOTTTTTT$$$$$$$$$$$$$$$$$$$$$$$$$$$$$$$$$$$$$$$$$$$$$$$
==================-CUBE-======================
=====UP VIEW=====
	4 4 4
	4 4 4
	4 4 4

	5 6 5
	3 1 1
	5 5 1

3 5 2 	1 2 2 	6 5 1
1 5 3 	2 2 1 	6 6 3
3 1 3 	5 6 3 	2 3 1

	2 2 6
	2 3 6
	6 5 6

===============================================
===================================================
RUNNING TEST
CURRENT: 17	DEPTH:8	Iter: 1
[0] [1] [0] [0] [0] [0] [0] [0] [0] [0] [0] [0] [0] [0] [2] [0] [0] [0] ++=================================++
[M]	[F']	[S]	[U']	[R']	[S']	[U]	[B']	[M]	++MOVES
$$$$$$$$$$$$$$$$$$$$$$$$JJJJJJJJJJJJJACCCCCCCKKKKKKKPPPPPPPPPOOOOOOTTTTTT$$$$$$$$$$$$$$$$$$$$$$$$$$$$$$$$$$$$$$$$$$$$$$$
==================-CUBE-======================
=====UP VIEW=====
	5 5 5
	5 5 5
	5 5 5

	3 1 1
	2 3 4
	1 3 6

4 1 2 	6 6 3 	4 1 4
4 4 6 	4 6 6 	2 2 3
1 6 4 	6 4 3 	2 3 3

	1 3 6
	1 1 2
	2 2 2

===============================================
===================================================
RUNNING TEST
CURRENT: 14	DEPTH:8	Iter: 6
[0] [0] [0] [0] [0] [0] [1] [0] [0] [0] [0] [0] [0] [0] [0] [0] [0] [2] ++=================================++
[M]	[S']	[M']	[B']	[L]	[D]	[L]	[B]	[U]	++MOVES
$$$$$$$$$$$$$$$$$$$$$$$$JJJJJJJJJJJJJACCCCCCCKKKKKKKPPPPPPPPPOOOOOOTTTTTT$$$$$$$$$$$$$$$$$$$$$$$$$$$$$$$$$$$$$$$$$$$$$$$
==================-CUBE-======================
=====UP VIEW=====
	4 1 1
	5 5 3
	6 3 6

	2 2 2
	2 2 2
	2 2 2

1 6 1 	5 5 5 	3 1 3
4 3 4 	1 6 3 	4 1 6
5 1 3 	6 4 5 	4 5 6

	4 6 1
	6 4 3
	3 5 4

===============================================
===================================================
RUNNING TEST
CURRENT: 10	DEPTH:8	Iter: 14
[0] [0] [0] [0] [0] [0] [0] [2] [0] [0] [0] [0] [0] [0] [1] [0] [0] [0] ++=================================++
[M]	[S']	[R']	[S']	[B']	[R]	[F]	[E']	[B]	++MOVES
$$$$$$$$$$$$$$$$$$$$$$$$JJJJJJJJJJJJJACCCCCCCKKKKKKKPPPPPPPPPOOOOOOTTTTTT$$$$$$$$$$$$$$$$$$$$$$$$$$$$$$$$$$$$$$$$$$$$$$$
==================-CUBE-======================
=====UP VIEW=====
	4 1 1
	5 5 3
	6 3 6

	2 2 2
	2 2 2
	2 2 2

1 6 1 	5 5 5 	3 1 3
4 3 4 	1 6 3 	4 1 6
5 1 3 	6 4 5 	4 5 6

	4 6 1
	6 4 3
	3 5 4

===============================================
===================================================
RUNNING TEST
CURRENT: 10	DEPTH:8	Iter: 14
[0] [0] [0] [0] [0] [0] [0] [2] [0] [0] [0] [0] [0] [0] [1] [0] [0] [0] ++=================================++
[M]	[S']	[R']	[B']	[S']	[R]	[F]	[E']	[B]	++MOVES
$$$$$$$$$$$$$$$$$$$$$$$$JJJJJJJJJJJJJACCCCCCCKKKKKKKPPPPPPPPPOOOOOOTTTTTT$$$$$$$$$$$$$$$$$$$$$$$$$$$$$$$$$$$$$$$$$$$$$$$
==================-CUBE-======================
=====UP VIEW=====
	2 3 4
	1 4 3
	4 4 1

	5 5 5
	5 5 5
	5 5 5

3 1 1 	4 3 3 	2 2 2
2 3 4 	1 2 6 	2 1 4
1 6 6 	4 4 2 	6 3 1

	3 6 3
	1 6 6
	6 2 6

===============================================
===================================================
RUNNING TEST
CURRENT: 10	DEPTH:8	Iter: 1
[0] [1] [0] [0] [0] [0] [0] [2] [0] [0] [0] [0] [0] [0] [0] [0] [0] [0] ++=================================++
[M]	[B']	[L]	[U]	[F']	[U]	[L']	[E']	[M]	++MOVES
$$$$$$$$$$$$$$$$$$$$$$$$JJJJJJJJJJJJJACCCCCCCKKKKKKKPPPPPPPPPOOOOOOTTTTTT$$$$$$$$$$$$$$$$$$$$$$$$$$$$$$$$$$$$$$$$$$$$$$$
==================-CUBE-======================
=====UP VIEW=====
	2 2 6
	1 6 6
	6 5 6

	4 4 4
	4 4 4
	4 4 4

3 1 3 	5 6 5 	1 3 1
5 3 2 	1 5 6 	1 1 3
3 3 2 	5 5 1 	6 5 2

	1 2 2
	2 2 3
	5 6 3

===============================================
===================================================
RUNNING TEST
CURRENT: 11	DEPTH:8	Iter: 1
[0] [1] [0] [0] [0] [0] [0] [0] [2] [0] [0] [0] [0] [0] [0] [0] [0] [0] ++=================================++
[M]	[B']	[R]	[D]	[M']	[S']	[L']	[D']	[M]	++MOVES
$$$$$$$$$$$$$$$$$$$$$$$$JJJJJJJJJJJJJACCCCCCCKKKKKKKPPPPPPPPPOOOOOOTTTTTT$$$$$$$$$$$$$$$$$$$$$$$$$$$$$$$$$$$$$$$$$$$$$$$
==================-CUBE-======================
=====UP VIEW=====
	4 4 4
	4 4 4
	4 4 4

	5 6 5
	5 1 2
	5 5 1

3 1 2 	1 2 2 	6 1 1
1 5 3 	2 2 3 	5 6 3
3 6 3 	5 6 3 	2 6 1

	2 2 6
	3 3 1
	6 5 6

===============================================
===================================================
RUNNING TEST
CURRENT: 15	DEPTH:8	Iter: 1
[0] [1] [0] [0] [0] [0] [0] [0] [0] [0] [0] [0] [2] [0] [0] [0] [0] [0] ++=================================++
[M]	[B']	[R]	[D]	[S']	[R']	[S]	[F']	[M]	++MOVES
$$$$$$$$$$$$$$$$$$$$$$$$JJJJJJJJJJJJJACCCCCCCKKKKKKKPPPPPPPPPOOOOOOTTTTTT$$$$$$$$$$$$$$$$$$$$$$$$$$$$$$$$$$$$$$$$$$$$$$$
==================-CUBE-======================
=====UP VIEW=====
	4 4 4
	4 4 4
	4 4 4

	5 6 5
	5 1 2
	5 5 1

3 1 2 	1 2 2 	6 1 1
1 5 3 	2 2 3 	5 6 3
3 6 3 	5 6 3 	2 6 1

	2 2 6
	3 3 1
	6 5 6

===============================================
===================================================
RUNNING TEST
CURRENT: 13	DEPTH:8	Iter: 1
[0] [1] [0] [0] [0] [0] [0] [0] [0] [0] [0] [0] [0] [0] [0] [0] [2] [0] ++=================================++
[M]	[B']	[R]	[D]	[S']	[R']	[F']	[S]	[M]	++MOVES
$$$$$$$$$$$$$$$$$$$$$$$$JJJJJJJJJJJJJACCCCCCCKKKKKKKPPPPPPPPPOOOOOOTTTTTT$$$$$$$$$$$$$$$$$$$$$$$$$$$$$$$$$$$$$$$$$$$$$$$
==================-CUBE-======================
=====UP VIEW=====
	4 4 4
	4 4 4
	4 4 4

	5 6 5
	5 1 6
	5 5 1

3 1 2 	1 2 2 	6 1 1
1 5 3 	2 2 6 	2 6 3
3 3 3 	5 1 3 	2 3 1

	2 2 6
	5 3 6
	6 5 6

===============================================
===================================================
RUNNING TEST
CURRENT: 15	DEPTH:8	Iter: 1
[0] [1] [0] [0] [0] [0] [0] [0] [0] [0] [0] [0] [2] [0] [0] [0] [0] [0] ++=================================++
[M]	[B']	[R]	[S]	[D]	[S']	[R']	[F']	[M]	++MOVES
$$$$$$$$$$$$$$$$$$$$$$$$JJJJJJJJJJJJJACCCCCCCKKKKKKKPPPPPPPPPOOOOOOTTTTTT$$$$$$$$$$$$$$$$$$$$$$$$$$$$$$$$$$$$$$$$$$$$$$$
==================-CUBE-======================
=====UP VIEW=====
	4 4 4
	4 4 4
	4 4 4

	5 6 5
	1 1 1
	5 5 1

3 2 2 	1 2 2 	6 5 1
1 5 3 	2 2 6 	3 6 3
3 3 3 	5 6 3 	2 6 1

	2 2 6
	5 3 1
	6 5 6

===============================================
===================================================
RUNNING TEST
CURRENT: 15	DEPTH:8	Iter: 1
[0] [1] [0] [0] [0] [0] [0] [0] [0] [0] [0] [0] [2] [0] [0] [0] [0] [0] ++=================================++
[M]	[B']	[S]	[R]	[D]	[S']	[R']	[F']	[M]	++MOVES
$$$$$$$$$$$$$$$$$$$$$$$$JJJJJJJJJJJJJACCCCCCCKKKKKKKPPPPPPPPPOOOOOOTTTTTT$$$$$$$$$$$$$$$$$$$$$$$$$$$$$$$$$$$$$$$$$$$$$$$
==================-CUBE-======================
=====UP VIEW=====
	3 5 4
	5 4 6
	6 6 5

	4 4 1
	5 1 6
	1 6 6

3 4 5 	2 2 2 	3 1 4
3 5 5 	2 2 2 	3 6 3
4 3 5 	2 2 2 	1 1 1

	3 1 6
	4 3 4
	5 1 6

===============================================
===================================================
RUNNING TEST
CURRENT: 1	DEPTH:8	Iter: 3
[0] [0] [0] [1] [2] [0] [0] [0] [0] [0] [0] [0] [0] [0] [0] [0] [0] [0] ++=================================++
[R]	[M]	[F]	[U]	[S]	[D]	[S']	[M]	[L']	++MOVES
$$$$$$$$$$$$$$$$$$$$$$$$JJJJJJJJJJJJJACCCCCCCKKKKKKKPPPPPPPPPOOOOOOTTTTTT$$$$$$$$$$$$$$$$$$$$$$$$$$$$$$$$$$$$$$$$$$$$$$$
==================-CUBE-======================
=====UP VIEW=====
	3 5 4
	5 4 6
	6 6 5

	4 4 1
	5 1 6
	1 6 6

3 4 5 	2 2 2 	3 1 4
3 5 5 	2 2 2 	3 6 3
4 3 5 	2 2 2 	1 1 1

	3 1 6
	4 3 4
	5 1 6

===============================================
===================================================
RUNNING TEST
CURRENT: 3	DEPTH:8	Iter: 1
[2] [1] [0] [0] [0] [0] [0] [0] [0] [0] [0] [0] [0] [0] [0] [0] [0] [0] ++=================================++
[R]	[M]	[F]	[U]	[S]	[D]	[S']	[L']	[M]	++MOVES
$$$$$$$$$$$$$$$$$$$$$$$$JJJJJJJJJJJJJACCCCCCCKKKKKKKPPPPPPPPPOOOOOOTTTTTT$$$$$$$$$$$$$$$$$$$$$$$$$$$$$$$$$$$$$$$$$$$$$$$
==================-CUBE-======================
=====UP VIEW=====
	2 3 3
	2 5 3
	3 1 3

	4 4 4
	4 4 4
	4 4 4

5 6 5 	1 3 1 	6 5 6
1 1 1 	5 6 6 	1 3 5
5 5 1 	6 3 2 	6 2 2

	2 6 3
	2 2 6
	1 2 5

===============================================
===================================================
RUNNING TEST
CURRENT: 11	DEPTH:8	Iter: 13
[0] [0] [0] [0] [0] [0] [0] [0] [2] [0] [0] [0] [0] [1] [0] [0] [0] [0] ++=================================++
[R]	[L']	[D']	[F']	[R']	[E]	[F]	[D']	[S]	++MOVES
$$$$$$$$$$$$$$$$$$$$$$$$JJJJJJJJJJJJJACCCCCCCKKKKKKKPPPPPPPPPOOOOOOTTTTTT$$$$$$$$$$$$$$$$$$$$$$$$$$$$$$$$$$$$$$$$$$$$$$$
==================-CUBE-======================
=====UP VIEW=====
	2 3 6
	2 3 3
	3 1 3

	4 4 4
	4 4 4
	4 4 4

5 6 5 	1 3 1 	6 5 6
1 5 1 	5 1 2 	5 6 5
3 3 2 	5 6 1 	6 6 2

	1 2 2
	2 2 1
	5 6 3

===============================================
===================================================
RUNNING TEST
CURRENT: 7	DEPTH:8	Iter: 12
[0] [0] [0] [0] [0] [0] [0] [0] [0] [0] [2] [0] [1] [0] [0] [0] [0] [0] ++=================================++
[R]	[E']	[L']	[S']	[D']	[F']	[R']	[E]	[F]	++MOVES
$$$$$$$$$$$$$$$$$$$$$$$$JJJJJJJJJJJJJACCCCCCCKKKKKKKPPPPPPPPPOOOOOOTTTTTT$$$$$$$$$$$$$$$$$$$$$$$$$$$$$$$$$$$$$$$$$$$$$$$
==================-CUBE-======================
=====UP VIEW=====
	5 3 4
	5 3 2
	2 4 3

	6 6 4
	4 5 2
	5 2 4

3 3 2 	1 1 1 	6 6 6
4 2 5 	1 1 1 	6 4 5
2 3 2 	1 1 1 	5 3 3

	6 4 4
	5 6 2
	3 6 5

===============================================
===================================================
RUNNING TEST
CURRENT: 5	DEPTH:8	Iter: 8
[0] [0] [2] [0] [0] [0] [0] [0] [1] [0] [0] [0] [0] [0] [0] [0] [0] [0] ++=================================++
[R]	[F]	[M]	[U']	[D']	[S]	[F']	[R']	[D]	++MOVES
$$$$$$$$$$$$$$$$$$$$$$$$JJJJJJJJJJJJJACCCCCCCKKKKKKKPPPPPPPPPOOOOOOTTTTTT$$$$$$$$$$$$$$$$$$$$$$$$$$$$$$$$$$$$$$$$$$$$$$$
==================-CUBE-======================
=====UP VIEW=====
	5 3 4
	5 3 2
	2 4 3

	6 6 4
	4 5 2
	5 2 4

3 3 2 	1 1 1 	6 6 6
4 2 5 	1 1 1 	6 4 5
2 3 2 	1 1 1 	5 3 3

	6 4 4
	5 6 2
	3 6 5

===============================================
===================================================
RUNNING TEST
CURRENT: 5	DEPTH:8	Iter: 8
[0] [0] [2] [0] [0] [0] [0] [0] [1] [0] [0] [0] [0] [0] [0] [0] [0] [0] ++=================================++
[R]	[F]	[M]	[U']	[D']	[F']	[S]	[R']	[D]	++MOVES
$$$$$$$$$$$$$$$$$$$$$$$$JJJJJJJJJJJJJACCCCCCCKKKKKKKPPPPPPPPPOOOOOOTTTTTT$$$$$$$$$$$$$$$$$$$$$$$$$$$$$$$$$$$$$$$$$$$$$$$
==================-CUBE-======================
=====UP VIEW=====
	5 3 4
	5 3 2
	2 4 3

	6 6 4
	4 5 2
	5 2 4

3 3 2 	1 1 1 	6 6 6
4 2 5 	1 1 1 	6 4 5
2 3 2 	1 1 1 	5 3 3

	6 4 4
	5 6 2
	3 6 5

===============================================
===================================================
RUNNING TEST
CURRENT: 5	DEPTH:8	Iter: 8
[0] [0] [2] [0] [0] [0] [0] [0] [1] [0] [0] [0] [0] [0] [0] [0] [0] [0] ++=================================++
[R]	[F]	[M]	[D']	[U']	[S]	[F']	[R']	[D]	++MOVES
$$$$$$$$$$$$$$$$$$$$$$$$JJJJJJJJJJJJJACCCCCCCKKKKKKKPPPPPPPPPOOOOOOTTTTTT$$$$$$$$$$$$$$$$$$$$$$$$$$$$$$$$$$$$$$$$$$$$$$$
==================-CUBE-======================
=====UP VIEW=====
	5 3 4
	5 3 2
	2 4 3

	6 6 4
	4 5 2
	5 2 4

3 3 2 	1 1 1 	6 6 6
4 2 5 	1 1 1 	6 4 5
2 3 2 	1 1 1 	5 3 3

	6 4 4
	5 6 2
	3 6 5

===============================================
===================================================
RUNNING TEST
CURRENT: 5	DEPTH:8	Iter: 8
[0] [0] [2] [0] [0] [0] [0] [0] [1] [0] [0] [0] [0] [0] [0] [0] [0] [0] ++=================================++
[R]	[F]	[M]	[D']	[U']	[F']	[S]	[R']	[D]	++MOVES
$$$$$$$$$$$$$$$$$$$$$$$$JJJJJJJJJJJJJACCCCCCCKKKKKKKPPPPPPPPPOOOOOOTTTTTT$$$$$$$$$$$$$$$$$$$$$$$$$$$$$$$$$$$$$$$$$$$$$$$
==================-CUBE-======================
=====UP VIEW=====
	4 5 1
	5 5 6
	1 6 6

	2 2 2
	2 2 2
	2 2 2

5 5 5 	3 1 6 	1 3 3
4 3 1 	6 6 1 	4 1 3
3 6 4 	5 1 6 	1 4 4

	3 5 4
	4 4 3
	6 3 5

===============================================
===================================================
RUNNING TEST
CURRENT: 9	DEPTH:8	Iter: 4
[0] [0] [0] [0] [1] [0] [2] [0] [0] [0] [0] [0] [0] [0] [0] [0] [0] [0] ++=================================++
[R]	[F]	[U]	[U]	[F]	[D]	[S']	[U']	[M']	++MOVES
$$$$$$$$$$$$$$$$$$$$$$$$JJJJJJJJJJJJJACCCCCCCKKKKKKKPPPPPPPPPOOOOOOTTTTTT$$$$$$$$$$$$$$$$$$$$$$$$$$$$$$$$$$$$$$$$$$$$$$$
==================-CUBE-======================
=====UP VIEW=====
	4 5 1
	5 5 6
	1 6 6

	2 2 2
	2 2 2
	2 2 2

5 5 5 	3 1 6 	1 3 3
4 3 1 	6 6 1 	4 1 3
3 6 4 	5 1 6 	1 4 4

	3 5 4
	4 4 3
	6 3 5

===============================================
===================================================
RUNNING TEST
CURRENT: 9	DEPTH:8	Iter: 4
[0] [0] [0] [0] [1] [0] [2] [0] [0] [0] [0] [0] [0] [0] [0] [0] [0] [0] ++=================================++
[R]	[F]	[U']	[U']	[F]	[D]	[S']	[U']	[M']	++MOVES
$$$$$$$$$$$$$$$$$$$$$$$$JJJJJJJJJJJJJACCCCCCCKKKKKKKPPPPPPPPPOOOOOOTTTTTT$$$$$$$$$$$$$$$$$$$$$$$$$$$$$$$$$$$$$$$$$$$$$$$
==================-CUBE-======================
=====UP VIEW=====
	5 2 5
	4 4 6
	4 5 2

	3 3 3
	3 3 3
	3 3 3

6 4 2 	5 6 5 	4 2 6
1 6 2 	5 2 6 	4 5 2
1 1 6 	2 5 4 	6 1 1

	1 4 1
	5 1 6
	2 1 4

===============================================
===================================================
RUNNING TEST
CURRENT: 15	DEPTH:8	Iter: 2
[0] [0] [1] [0] [0] [0] [0] [0] [0] [0] [0] [0] [2] [0] [0] [0] [0] [0] ++=================================++
[R]	[F]	[E']	[L']	[B']	[L']	[E']	[F']	[R]	++MOVES
$$$$$$$$$$$$$$$$$$$$$$$$JJJJJJJJJJJJJACCCCCCCKKKKKKKPPPPPPPPPOOOOOOTTTTTT$$$$$$$$$$$$$$$$$$$$$$$$$$$$$$$$$$$$$$$$$$$$$$$
==================-CUBE-======================
=====UP VIEW=====
	6 1 1
	4 5 1
	4 3 4

	5 4 1
	4 4 6
	3 6 5

3 5 4 	6 4 1 	4 1 6
1 1 5 	3 6 3 	6 3 5
3 3 1 	6 6 3 	5 5 5

	2 2 2
	2 2 2
	2 2 2

===============================================
===================================================
RUNNING TEST
CURRENT: 8	DEPTH:8	Iter: 3
[0] [0] [0] [1] [0] [0] [0] [0] [0] [0] [0] [2] [0] [0] [0] [0] [0] [0] ++=================================++
[R]	[S]	[B']	[M]	[B']	[R']	[F']	[D]	[L']	++MOVES
$$$$$$$$$$$$$$$$$$$$$$$$JJJJJJJJJJJJJACCCCCCCKKKKKKKPPPPPPPPPOOOOOOTTTTTT$$$$$$$$$$$$$$$$$$$$$$$$$$$$$$$$$$$$$$$$$$$$$$$
==================-CUBE-======================
=====UP VIEW=====
	4 4 6
	1 5 1
	4 5 6

	6 3 1
	5 3 3
	3 6 1

1 4 4 	6 4 5 	2 2 2
5 4 1 	6 6 5 	2 2 2
5 6 4 	1 3 5 	2 2 2

	5 4 3
	3 1 6
	3 1 3

===============================================
===================================================
RUNNING TEST
CURRENT: 8	DEPTH:8	Iter: 15
[0] [0] [0] [0] [0] [0] [0] [0] [0] [0] [0] [2] [0] [0] [0] [1] [0] [0] ++=================================++
[R]	[F']	[L']	[D']	[B']	[R']	[E]	[D]	[F']	++MOVES
$$$$$$$$$$$$$$$$$$$$$$$$JJJJJJJJJJJJJACCCCCCCKKKKKKKPPPPPPPPPOOOOOOTTTTTT$$$$$$$$$$$$$$$$$$$$$$$$$$$$$$$$$$$$$$$$$$$$$$$
==================-CUBE-======================
=====UP VIEW=====
	4 4 6
	1 5 1
	4 5 6

	6 3 1
	5 3 3
	3 6 1

1 4 4 	6 4 5 	2 2 2
5 4 1 	6 6 5 	2 2 2
5 6 4 	1 3 5 	2 2 2

	5 4 3
	3 1 6
	3 1 3

===============================================
===================================================
RUNNING TEST
CURRENT: 7	DEPTH:8	Iter: 15
[0] [0] [0] [0] [0] [0] [0] [0] [0] [0] [2] [0] [0] [0] [0] [1] [0] [0] ++=================================++
[R]	[F']	[L']	[D']	[B']	[R']	[D]	[E]	[F']	++MOVES
$$$$$$$$$$$$$$$$$$$$$$$$JJJJJJJJJJJJJACCCCCCCKKKKKKKPPPPPPPPPOOOOOOTTTTTT$$$$$$$$$$$$$$$$$$$$$$$$$$$$$$$$$$$$$$$$$$$$$$$
==================-CUBE-======================
=====UP VIEW=====
	4 3 4
	1 5 4
	1 1 6

	2 2 2
	2 2 2
	2 2 2

5 5 5 	3 6 6 	1 3 3
5 3 6 	3 6 3 	5 1 1
6 1 4 	1 4 6 	4 5 3

	5 6 3
	6 4 4
	1 4 5

===============================================
===================================================
RUNNING TEST
CURRENT: 6	DEPTH:8	Iter: 5
[0] [0] [0] [0] [0] [1] [0] [0] [0] [2] [0] [0] [0] [0] [0] [0] [0] [0] ++=================================++
[R]	[F']	[E]	[F']	[S']	[L']	[F']	[U]	[R']	++MOVES
$$$$$$$$$$$$$$$$$$$$$$$$JJJJJJJJJJJJJACCCCCCCKKKKKKKPPPPPPPPPOOOOOOTTTTTT$$$$$$$$$$$$$$$$$$$$$$$$$$$$$$$$$$$$$$$$$$$$$$$
==================-CUBE-======================
=====UP VIEW=====
	4 3 4
	1 5 4
	1 1 6

	2 2 2
	2 2 2
	2 2 2

5 5 5 	3 6 6 	1 3 3
5 3 6 	3 6 3 	5 1 1
6 1 4 	1 4 6 	4 5 3

	5 6 3
	6 4 4
	1 4 5

===============================================
===================================================
RUNNING TEST
CURRENT: 6	DEPTH:8	Iter: 5
[0] [0] [0] [0] [0] [1] [0] [0] [0] [2] [0] [0] [0] [0] [0] [0] [0] [0] ++=================================++
[R]	[F']	[E]	[S']	[F']	[L']	[F']	[U]	[R']	++MOVES
$$$$$$$$$$$$$$$$$$$$$$$$JJJJJJJJJJJJJACCCCCCCKKKKKKKPPPPPPPPPOOOOOOTTTTTT$$$$$$$$$$$$$$$$$$$$$$$$$$$$$$$$$$$$$$$$$$$$$$$
==================-CUBE-======================
=====UP VIEW=====
	6 1 1
	4 5 1
	4 3 4

	5 4 1
	4 4 6
	3 6 5

3 5 4 	6 4 1 	4 1 6
1 1 5 	3 6 3 	6 3 5
3 3 1 	6 6 3 	5 5 5

	2 2 2
	2 2 2
	2 2 2

===============================================
===================================================
RUNNING TEST
CURRENT: 8	DEPTH:8	Iter: 3
[0] [0] [0] [1] [0] [0] [0] [0] [0] [0] [0] [2] [0] [0] [0] [0] [0] [0] ++=================================++
[R]	[F']	[E]	[B']	[U]	[S]	[B']	[D]	[L']	++MOVES
$$$$$$$$$$$$$$$$$$$$$$$$JJJJJJJJJJJJJACCCCCCCKKKKKKKPPPPPPPPPOOOOOOTTTTTT$$$$$$$$$$$$$$$$$$$$$$$$$$$$$$$$$$$$$$$$$$$$$$$
==================-CUBE-======================
=====UP VIEW=====
	4 5 1
	5 1 3
	3 1 3

	4 4 6
	3 5 1
	4 1 1

5 4 1 	6 5 5 	2 2 2
4 4 6 	1 3 5 	2 2 2
3 6 5 	4 6 5 	2 2 2

	1 3 3
	4 6 6
	6 3 6

===============================================
===================================================
RUNNING TEST
CURRENT: 4	DEPTH:8	Iter: 14
[0] [2] [0] [0] [0] [0] [0] [0] [0] [0] [0] [0] [0] [0] [1] [0] [0] [0] ++=================================++
[R]	[F']	[E]	[B']	[U]	[F']	[L']	[M']	[B]	++MOVES
$$$$$$$$$$$$$$$$$$$$$$$$JJJJJJJJJJJJJACCCCCCCKKKKKKKPPPPPPPPPOOOOOOTTTTTT$$$$$$$$$$$$$$$$$$$$$$$$$$$$$$$$$$$$$$$$$$$$$$$
==================-CUBE-======================
=====UP VIEW=====
	4 5 1
	5 1 3
	3 1 3

	4 4 6
	3 5 1
	4 1 1

5 4 1 	6 5 5 	2 2 2
4 4 6 	1 3 5 	2 2 2
3 6 5 	4 6 5 	2 2 2

	1 3 3
	4 6 6
	6 3 6

===============================================
===================================================
RUNNING TEST
CURRENT: 3	DEPTH:8	Iter: 14
[2] [0] [0] [0] [0] [0] [0] [0] [0] [0] [0] [0] [0] [0] [1] [0] [0] [0] ++=================================++
[R]	[F']	[E]	[B']	[U]	[F']	[M']	[L']	[B]	++MOVES
$$$$$$$$$$$$$$$$$$$$$$$$JJJJJJJJJJJJJACCCCCCCKKKKKKKPPPPPPPPPOOOOOOTTTTTT$$$$$$$$$$$$$$$$$$$$$$$$$$$$$$$$$$$$$$$$$$$$$$$
==================-CUBE-======================
=====UP VIEW=====
	3 4 5
	6 4 4
	5 6 1

	4 1 6
	6 3 5
	5 5 5

1 3 3 	2 2 2 	1 1 4
4 6 6 	2 2 2 	1 5 3
6 3 6 	2 2 2 	6 4 4

	1 3 3
	5 1 1
	4 5 3

===============================================
===================================================
RUNNING TEST
CURRENT: 6	DEPTH:8	Iter: 7
[0] [0] [0] [0] [0] [0] [0] [1] [0] [2] [0] [0] [0] [0] [0] [0] [0] [0] ++=================================++
[R]	[F']	[E]	[B']	[U]	[F']	[R']	[U]	[E]	++MOVES
$$$$$$$$$$$$$$$$$$$$$$$$JJJJJJJJJJJJJACCCCCCCKKKKKKKPPPPPPPPPOOOOOOTTTTTT$$$$$$$$$$$$$$$$$$$$$$$$$$$$$$$$$$$$$$$$$$$$$$$
==================-CUBE-======================
=====UP VIEW=====
	3 4 5
	6 4 4
	5 6 1

	4 1 6
	6 3 5
	5 5 5

1 3 3 	2 2 2 	1 1 4
4 6 6 	2 2 2 	1 5 3
6 3 6 	2 2 2 	6 4 4

	1 3 3
	5 1 1
	4 5 3

===============================================
===================================================
RUNNING TEST
CURRENT: 7	DEPTH:8	Iter: 6
[0] [0] [0] [0] [0] [0] [1] [0] [0] [0] [2] [0] [0] [0] [0] [0] [0] [0] ++=================================++
[R]	[F']	[E]	[B']	[U]	[F']	[R']	[E]	[U]	++MOVES
$$$$$$$$$$$$$$$$$$$$$$$$JJJJJJJJJJJJJACCCCCCCKKKKKKKPPPPPPPPPOOOOOOTTTTTT$$$$$$$$$$$$$$$$$$$$$$$$$$$$$$$$$$$$$$$$$$$$$$$
==================-CUBE-======================
=====UP VIEW=====
	4 4 6
	3 5 1
	4 1 1

	6 5 5
	1 3 5
	4 6 5

1 6 5 	1 3 3 	2 2 2
4 4 6 	4 6 6 	2 2 2
5 4 3 	6 3 6 	2 2 2

	4 5 1
	5 1 3
	3 1 3

===============================================
===================================================
RUNNING TEST
CURRENT: 5	DEPTH:7	Iter: 8
[0] [0] [2] [0] [0] [0] [0] [0] [1] [0] [0] [0] [0] [0] [0] [0] [0] [0] ++=================================++
[R]	[F']	[E]	[B']	[U]	[F']	[R']	[D]	++MOVES
$$$$$$$$$$$$$$$$$$$$$$$$JJJJJJJJJJJJJACCCCCCCKKKKKKKPPPPPPPPPOOOOOOTTTTTT$$$$$$$$$$$$$$$$$$$$$$$$$$$$$$$$$$$$$$$$$$$$$$$
==================-CUBE-======================
=====UP VIEW=====
	6 4 6
	1 5 1
	4 1 1

	1 5 5
	4 3 5
	6 6 5

5 6 3 	4 3 3 	2 2 2
6 4 4 	5 6 6 	2 2 2
1 4 5 	3 3 6 	2 2 2

	4 5 1
	3 1 3
	4 1 3

===============================================
===================================================
RUNNING TEST
CURRENT: 8	DEPTH:8	Iter: 0
[1] [0] [0] [0] [0] [0] [0] [0] [0] [0] [0] [2] [0] [0] [0] [0] [0] [0] ++=================================++
[R]	[F']	[E]	[B']	[U]	[F']	[R']	[D]	[L]	++MOVES
$$$$$$$$$$$$$$$$$$$$$$$$JJJJJJJJJJJJJACCCCCCCKKKKKKKPPPPPPPPPOOOOOOTTTTTT$$$$$$$$$$$$$$$$$$$$$$$$$$$$$$$$$$$$$$$$$$$$$$$
==================-CUBE-======================
=====UP VIEW=====
	4 5 6
	3 3 1
	4 6 1

	6 3 5
	1 6 5
	4 3 5

1 6 5 	1 5 3 	2 2 2
4 4 6 	4 1 6 	2 2 2
5 4 3 	6 1 6 	2 2 2

	4 4 1
	5 5 3
	3 1 3

===============================================
===================================================
RUNNING TEST
CURRENT: 8	DEPTH:8	Iter: 1
[0] [1] [0] [0] [0] [0] [0] [0] [0] [0] [0] [2] [0] [0] [0] [0] [0] [0] ++=================================++
[R]	[F']	[E]	[B']	[U]	[F']	[R']	[D]	[M]	++MOVES
$$$$$$$$$$$$$$$$$$$$$$$$JJJJJJJJJJJJJACCCCCCCKKKKKKKPPPPPPPPPOOOOOOTTTTTT$$$$$$$$$$$$$$$$$$$$$$$$$$$$$$$$$$$$$$$$$$$$$$$
==================-CUBE-======================
=====UP VIEW=====
	4 4 1
	3 5 3
	4 1 3

	6 5 6
	1 3 1
	4 6 1

1 6 5 	1 3 5 	2 2 2
4 4 6 	4 6 5 	2 2 2
5 4 3 	6 3 5 	2 2 2

	4 5 3
	5 1 6
	3 1 6

===============================================
===================================================
RUNNING TEST
CURRENT: 8	DEPTH:8	Iter: 2
[0] [0] [1] [0] [0] [0] [0] [0] [0] [0] [0] [2] [0] [0] [0] [0] [0] [0] ++=================================++
[R]	[F']	[E]	[B']	[U]	[F']	[R']	[D]	[R]	++MOVES
$$$$$$$$$$$$$$$$$$$$$$$$JJJJJJJJJJJJJACCCCCCCKKKKKKKPPPPPPPPPOOOOOOTTTTTT$$$$$$$$$$$$$$$$$$$$$$$$$$$$$$$$$$$$$$$$$$$$$$$
==================-CUBE-======================
=====UP VIEW=====
	4 4 6
	5 5 1
	3 1 1

	4 5 5
	3 3 5
	4 6 5

5 4 1 	6 3 3 	2 2 2
4 4 6 	1 6 6 	2 2 2
3 6 5 	4 3 6 	2 2 2

	1 5 1
	4 1 3
	6 1 3

===============================================
===================================================
RUNNING TEST
CURRENT: 8	DEPTH:8	Iter: 3
[0] [0] [0] [1] [0] [0] [0] [0] [0] [0] [0] [2] [0] [0] [0] [0] [0] [0] ++=================================++
[R]	[F']	[E]	[B']	[U]	[F']	[R']	[D]	[L']	++MOVES
$$$$$$$$$$$$$$$$$$$$$$$$JJJJJJJJJJJJJACCCCCCCKKKKKKKPPPPPPPPPOOOOOOTTTTTT$$$$$$$$$$$$$$$$$$$$$$$$$$$$$$$$$$$$$$$$$$$$$$$
==================-CUBE-======================
=====UP VIEW=====
	4 5 6
	3 1 1
	4 1 1

	6 4 5
	1 5 5
	4 1 5

1 6 5 	1 5 3 	2 2 2
4 4 6 	4 3 6 	2 2 2
5 4 3 	6 6 6 	2 2 2

	4 3 1
	5 6 3
	3 3 3

===============================================
===================================================
RUNNING TEST
CURRENT: 8	DEPTH:8	Iter: 4
[0] [0] [0] [0] [1] [0] [0] [0] [0] [0] [0] [2] [0] [0] [0] [0] [0] [0] ++=================================++
[R]	[F']	[E]	[B']	[U]	[F']	[R']	[D]	[M']	++MOVES
$$$$$$$$$$$$$$$$$$$$$$$$JJJJJJJJJJJJJACCCCCCCKKKKKKKPPPPPPPPPOOOOOOTTTTTT$$$$$$$$$$$$$$$$$$$$$$$$$$$$$$$$$$$$$$$$$$$$$$$
==================-CUBE-======================
=====UP VIEW=====
	4 4 5
	3 5 5
	4 1 5

	6 5 3
	1 3 6
	4 6 6

1 6 5 	1 3 1 	2 2 2
4 4 6 	4 6 3 	2 2 2
5 4 3 	6 3 3 	2 2 2

	4 5 6
	5 1 1
	3 1 1

===============================================
===================================================
RUNNING TEST
CURRENT: 8	DEPTH:8	Iter: 5
[0] [0] [0] [0] [0] [1] [0] [0] [0] [0] [0] [2] [0] [0] [0] [0] [0] [0] ++=================================++
[R]	[F']	[E]	[B']	[U]	[F']	[R']	[D]	[R']	++MOVES
$$$$$$$$$$$$$$$$$$$$$$$$JJJJJJJJJJJJJACCCCCCCKKKKKKKPPPPPPPPPOOOOOOTTTTTT$$$$$$$$$$$$$$$$$$$$$$$$$$$$$$$$$$$$$$$$$$$$$$$
==================-CUBE-======================
=====UP VIEW=====
	6 1 1
	4 5 1
	4 3 4

	5 4 1
	4 4 6
	3 6 5

3 5 4 	6 4 1 	4 1 6
1 1 5 	3 6 3 	6 3 5
3 3 1 	6 6 3 	5 5 5

	2 2 2
	2 2 2
	2 2 2

===============================================
===================================================
RUNNING TEST
CURRENT: 8	DEPTH:8	Iter: 3
[0] [0] [0] [1] [0] [0] [0] [0] [0] [0] [0] [2] [0] [0] [0] [0] [0] [0] ++=================================++
[R]	[F']	[E]	[B']	[U]	[B']	[S]	[D]	[L']	++MOVES
$$$$$$$$$$$$$$$$$$$$$$$$JJJJJJJJJJJJJACCCCCCCKKKKKKKPPPPPPPPPOOOOOOTTTTTT$$$$$$$$$$$$$$$$$$$$$$$$$$$$$$$$$$$$$$$$$$$$$$$
==================-CUBE-======================
=====UP VIEW=====
	2 2 2
	2 2 2
	2 2 2

	5 5 5
	5 3 6
	6 1 4

1 1 4 	1 6 5 	1 3 3
1 5 3 	4 4 6 	4 6 6
6 4 4 	5 4 3 	6 3 6

	3 5 4
	1 1 5
	3 3 1

===============================================
===================================================
RUNNING TEST
CURRENT: 14	DEPTH:8	Iter: 8
[0] [0] [0] [0] [0] [0] [0] [0] [1] [0] [0] [0] [0] [0] [0] [0] [0] [2] ++=================================++
[R]	[F']	[E]	[B']	[D]	[E']	[R]	[B]	[D]	++MOVES
$$$$$$$$$$$$$$$$$$$$$$$$JJJJJJJJJJJJJACCCCCCCKKKKKKKPPPPPPPPPOOOOOOTTTTTT$$$$$$$$$$$$$$$$$$$$$$$$$$$$$$$$$$$$$$$$$$$$$$$
==================-CUBE-======================
=====UP VIEW=====
	2 2 2
	2 2 2
	2 2 2

	5 5 5
	5 3 6
	6 1 4

1 1 4 	1 6 5 	1 3 3
1 5 3 	4 4 6 	4 6 6
6 4 4 	5 4 3 	6 3 6

	3 5 4
	1 1 5
	3 3 1

===============================================
===================================================
RUNNING TEST
CURRENT: 14	DEPTH:8	Iter: 8
[0] [0] [0] [0] [0] [0] [0] [0] [1] [0] [0] [0] [0] [0] [0] [0] [0] [2] ++=================================++
[R]	[F']	[E]	[B']	[E']	[D]	[R]	[B]	[D]	++MOVES
$$$$$$$$$$$$$$$$$$$$$$$$JJJJJJJJJJJJJACCCCCCCKKKKKKKPPPPPPPPPOOOOOOTTTTTT$$$$$$$$$$$$$$$$$$$$$$$$$$$$$$$$$$$$$$$$$$$$$$$
==================-CUBE-======================
=====UP VIEW=====
	2 2 2
	2 2 2
	2 2 2

	5 5 5
	5 3 6
	6 1 4

1 1 4 	1 6 5 	1 3 3
1 5 3 	4 4 6 	4 6 6
6 4 4 	5 4 3 	6 3 6

	3 5 4
	1 1 5
	3 3 1

===============================================
===================================================
RUNNING TEST
CURRENT: 14	DEPTH:8	Iter: 8
[0] [0] [0] [0] [0] [0] [0] [0] [1] [0] [0] [0] [0] [0] [0] [0] [0] [2] ++=================================++
[R]	[F']	[D]	[U']	[L]	[U]	[R]	[B]	[D]	++MOVES
$$$$$$$$$$$$$$$$$$$$$$$$JJJJJJJJJJJJJACCCCCCCKKKKKKKPPPPPPPPPOOOOOOTTTTTT$$$$$$$$$$$$$$$$$$$$$$$$$$$$$$$$$$$$$$$$$$$$$$$
==================-CUBE-======================
=====UP VIEW=====
	2 2 2
	2 2 2
	2 2 2

	5 5 5
	5 3 6
	6 1 4

1 1 4 	1 6 5 	1 3 3
1 5 3 	4 4 6 	4 6 6
6 4 4 	5 4 3 	6 3 6

	3 5 4
	1 1 5
	3 3 1

===============================================
===================================================
RUNNING TEST
CURRENT: 14	DEPTH:8	Iter: 8
[0] [0] [0] [0] [0] [0] [0] [0] [1] [0] [0] [0] [0] [0] [0] [0] [0] [2] ++=================================++
[R]	[F']	[U']	[D]	[L]	[U]	[R]	[B]	[D]	++MOVES
$$$$$$$$$$$$$$$$$$$$$$$$JJJJJJJJJJJJJACCCCCCCKKKKKKKPPPPPPPPPOOOOOOTTTTTT$$$$$$$$$$$$$$$$$$$$$$$$$$$$$$$$$$$$$$$$$$$$$$$
==================-CUBE-======================
=====UP VIEW=====
	6 1 1
	3 5 5
	1 1 4

	5 5 6
	6 4 6
	4 6 3

4 3 1 	6 4 5 	4 1 3
4 1 5 	3 6 4 	1 3 4
3 3 1 	6 6 3 	5 5 5

	2 2 2
	2 2 2
	2 2 2

===============================================
===================================================
RUNNING TEST
CURRENT: 8	DEPTH:8	Iter: 3
[0] [0] [0] [1] [0] [0] [0] [0] [0] [0] [0] [2] [0] [0] [0] [0] [0] [0] ++=================================++
[R]	[F']	[B']	[E]	[B']	[U]	[S]	[D]	[L']	++MOVES
$$$$$$$$$$$$$$$$$$$$$$$$JJJJJJJJJJJJJACCCCCCCKKKKKKKPPPPPPPPPOOOOOOTTTTTT$$$$$$$$$$$$$$$$$$$$$$$$$$$$$$$$$$$$$$$$$$$$$$$
==================-CUBE-======================
=====UP VIEW=====
	6 1 1
	3 5 1
	4 6 4

	5 4 1
	6 4 4
	3 3 5

3 3 4 	6 5 1 	4 5 6
4 1 6 	1 6 4 	1 3 5
3 3 1 	6 6 3 	5 5 5

	2 2 2
	2 2 2
	2 2 2

===============================================
===================================================
RUNNING TEST
CURRENT: 7	DEPTH:8	Iter: 3
[0] [0] [0] [1] [0] [0] [0] [0] [0] [0] [2] [0] [0] [0] [0] [0] [0] [0] ++=================================++
[R]	[F']	[B']	[D]	[L]	[U]	[M]	[E]	[L']	++MOVES
$$$$$$$$$$$$$$$$$$$$$$$$JJJJJJJJJJJJJACCCCCCCKKKKKKKPPPPPPPPPOOOOOOTTTTTT$$$$$$$$$$$$$$$$$$$$$$$$$$$$$$$$$$$$$$$$$$$$$$$
==================-CUBE-======================
=====UP VIEW=====
	5 5 5
	4 6 1
	6 5 4

	1 4 5
	4 4 3
	5 6 3

4 6 4 	3 3 4 	6 5 1
1 3 5 	1 5 3 	4 1 6
1 1 6 	3 3 1 	6 6 3

	2 2 2
	2 2 2
	2 2 2

===============================================
===================================================
RUNNING TEST
CURRENT: 10	DEPTH:8	Iter: 16
[0] [0] [0] [0] [0] [0] [0] [2] [0] [0] [0] [0] [0] [0] [0] [0] [1] [0] ++=================================++
[R]	[F']	[B']	[D]	[L]	[D]	[F]	[E']	[S']	++MOVES
$$$$$$$$$$$$$$$$$$$$$$$$JJJJJJJJJJJJJACCCCCCCKKKKKKKPPPPPPPPPOOOOOOTTTTTT$$$$$$$$$$$$$$$$$$$$$$$$$$$$$$$$$$$$$$$$$$$$$$$
==================-CUBE-======================
=====UP VIEW=====
	5 5 5
	5 5 5
	5 5 5

	3 1 1
	1 2 3
	4 2 1

4 4 1 	6 6 2 	6 4 4
4 3 6 	3 6 6 	1 1 3
1 6 3 	2 3 6 	4 2 3

	6 2 3
	4 4 1
	2 2 2

===============================================
===================================================
RUNNING TEST
CURRENT: 14	DEPTH:8	Iter: 6
[0] [0] [0] [0] [0] [0] [1] [0] [0] [0] [0] [0] [0] [0] [0] [0] [0] [2] ++=================================++
[R]	[S']	[M']	[B']	[L]	[D]	[L]	[B]	[U]	++MOVES
$$$$$$$$$$$$$$$$$$$$$$$$JJJJJJJJJJJJJACCCCCCCKKKKKKKPPPPPPPPPOOOOOOTTTTTT$$$$$$$$$$$$$$$$$$$$$$$$$$$$$$$$$$$$$$$$$$$$$$$
==================-CUBE-======================
=====UP VIEW=====
	1 2 3
	4 3 2
	4 4 1

	5 5 5
	5 5 5
	5 5 5

3 1 1 	4 3 3 	2 2 2
1 2 3 	4 1 6 	1 4 3
4 6 1 	6 3 4 	3 2 6

	2 6 6
	4 6 6
	6 1 2

===============================================
===================================================
RUNNING TEST
CURRENT: 10	DEPTH:8	Iter: 1
[0] [1] [0] [0] [0] [0] [0] [2] [0] [0] [0] [0] [0] [0] [0] [0] [0] [0] ++=================================++
[R]	[B']	[L]	[U]	[F']	[U]	[L']	[E']	[M]	++MOVES
$$$$$$$$$$$$$$$$$$$$$$$$JJJJJJJJJJJJJACCCCCCCKKKKKKKPPPPPPPPPOOOOOOTTTTTT$$$$$$$$$$$$$$$$$$$$$$$$$$$$$$$$$$$$$$$$$$$$$$$
==================-CUBE-======================
=====UP VIEW=====
	6 1 1
	4 5 1
	4 3 4

	5 4 1
	4 4 6
	3 6 5

3 5 4 	6 4 1 	4 1 6
1 1 5 	3 6 3 	6 3 5
3 3 1 	6 6 3 	5 5 5

	2 2 2
	2 2 2
	2 2 2

===============================================
===================================================
RUNNING TEST
CURRENT: 8	DEPTH:8	Iter: 3
[0] [0] [0] [1] [0] [0] [0] [0] [0] [0] [0] [2] [0] [0] [0] [0] [0] [0] ++=================================++
[R]	[B']	[S]	[M]	[B']	[R']	[F']	[D]	[L']	++MOVES
$$$$$$$$$$$$$$$$$$$$$$$$JJJJJJJJJJJJJACCCCCCCKKKKKKKPPPPPPPPPOOOOOOTTTTTT$$$$$$$$$$$$$$$$$$$$$$$$$$$$$$$$$$$$$$$$$$$$$$$
==================-CUBE-======================
=====UP VIEW=====
	6 1 1
	3 5 5
	1 1 4

	5 5 6
	6 4 6
	4 6 3

4 3 1 	6 4 5 	4 1 3
4 1 5 	3 6 4 	1 3 4
3 3 1 	6 6 3 	5 5 5

	2 2 2
	2 2 2
	2 2 2

===============================================
===================================================
RUNNING TEST
CURRENT: 8	DEPTH:8	Iter: 3
[0] [0] [0] [1] [0] [0] [0] [0] [0] [0] [0] [2] [0] [0] [0] [0] [0] [0] ++=================================++
[R]	[B']	[F']	[E]	[B']	[U]	[S]	[D]	[L']	++MOVES
$$$$$$$$$$$$$$$$$$$$$$$$JJJJJJJJJJJJJACCCCCCCKKKKKKKPPPPPPPPPOOOOOOTTTTTT$$$$$$$$$$$$$$$$$$$$$$$$$$$$$$$$$$$$$$$$$$$$$$$
==================-CUBE-======================
=====UP VIEW=====
	6 1 1
	3 5 1
	4 6 4

	5 4 1
	6 4 4
	3 3 5

3 3 4 	6 5 1 	4 5 6
4 1 6 	1 6 4 	1 3 5
3 3 1 	6 6 3 	5 5 5

	2 2 2
	2 2 2
	2 2 2

===============================================
===================================================
RUNNING TEST
CURRENT: 7	DEPTH:8	Iter: 3
[0] [0] [0] [1] [0] [0] [0] [0] [0] [0] [2] [0] [0] [0] [0] [0] [0] [0] ++=================================++
[R]	[B']	[F']	[D]	[L]	[U]	[M]	[E]	[L']	++MOVES
$$$$$$$$$$$$$$$$$$$$$$$$JJJJJJJJJJJJJACCCCCCCKKKKKKKPPPPPPPPPOOOOOOTTTTTT$$$$$$$$$$$$$$$$$$$$$$$$$$$$$$$$$$$$$$$$$$$$$$$
==================-CUBE-======================
=====UP VIEW=====
	5 5 5
	4 6 1
	6 5 4

	1 4 5
	4 4 3
	5 6 3

4 6 4 	3 3 4 	6 5 1
1 3 5 	1 5 3 	4 1 6
1 1 6 	3 3 1 	6 6 3

	2 2 2
	2 2 2
	2 2 2

===============================================
===================================================
RUNNING TEST
CURRENT: 10	DEPTH:8	Iter: 16
[0] [0] [0] [0] [0] [0] [0] [2] [0] [0] [0] [0] [0] [0] [0] [0] [1] [0] ++=================================++
[R]	[B']	[F']	[D]	[L]	[D]	[F]	[E']	[S']	++MOVES
$$$$$$$$$$$$$$$$$$$$$$$$JJJJJJJJJJJJJACCCCCCCKKKKKKKPPPPPPPPPOOOOOOTTTTTT$$$$$$$$$$$$$$$$$$$$$$$$$$$$$$$$$$$$$$$$$$$$$$$
==================-CUBE-======================
=====UP VIEW=====
	6 1 1
	1 5 3
	1 4 4

	5 6 6
	1 4 3
	4 5 3

4 4 1 	6 3 5 	4 6 3
6 1 5 	1 6 4 	5 3 4
3 5 1 	6 3 3 	5 6 5

	2 2 2
	2 2 2
	2 2 2

===============================================
===================================================
RUNNING TEST
CURRENT: 15	DEPTH:8	Iter: 5
[0] [0] [0] [0] [0] [1] [0] [0] [0] [0] [0] [0] [2] [0] [0] [0] [0] [0] ++=================================++
[M']	[L]	[S']	[U]	[B']	[E']	[M']	[F']	[R']	++MOVES
$$$$$$$$$$$$$$$$$$$$$$$$JJJJJJJJJJJJJACCCCCCCKKKKKKKPPPPPPPPPOOOOOOTTTTTT$$$$$$$$$$$$$$$$$$$$$$$$$$$$$$$$$$$$$$$$$$$$$$$
==================-CUBE-======================
=====UP VIEW=====
	4 4 4
	4 4 4
	4 4 4

	1 6 1
	5 6 6
	5 5 1

5 1 2 	1 2 2 	6 1 6
3 1 6 	3 2 6 	2 3 5
5 2 3 	5 2 3 	2 5 6

	2 1 6
	3 5 3
	3 1 3

===============================================
===================================================
RUNNING TEST
CURRENT: 6	DEPTH:8	Iter: 1
[0] [1] [0] [0] [0] [0] [0] [0] [0] [2] [0] [0] [0] [0] [0] [0] [0] [0] ++=================================++
[M']	[M']	[F']	[U']	[R']	[E]	[S']	[U]	[M]	++MOVES
$$$$$$$$$$$$$$$$$$$$$$$$JJJJJJJJJJJJJACCCCCCCKKKKKKKPPPPPPPPPOOOOOOTTTTTT$$$$$$$$$$$$$$$$$$$$$$$$$$$$$$$$$$$$$$$$$$$$$$$
==================-CUBE-======================
=====UP VIEW=====
	6 5 2
	5 5 2
	6 2 6

	1 1 1
	6 3 5
	1 1 5

4 4 4 	5 6 2 	1 1 2
4 4 4 	3 6 6 	3 2 6
4 4 4 	5 2 3 	5 5 3

	3 3 2
	1 1 2
	3 3 6

===============================================
===================================================
RUNNING TEST
CURRENT: 8	DEPTH:8	Iter: 16
[0] [0] [0] [0] [0] [0] [0] [0] [0] [0] [0] [2] [0] [0] [0] [0] [1] [0] ++=================================++
[M']	[M']	[F']	[U']	[R']	[S']	[M']	[D]	[S']	++MOVES
$$$$$$$$$$$$$$$$$$$$$$$$JJJJJJJJJJJJJACCCCCCCKKKKKKKPPPPPPPPPOOOOOOTTTTTT$$$$$$$$$$$$$$$$$$$$$$$$$$$$$$$$$$$$$$$$$$$$$$$
==================-CUBE-======================
=====UP VIEW=====
	6 3 2
	5 5 2
	6 3 6

	1 5 1
	6 3 5
	1 1 5

4 4 4 	5 6 2 	1 2 2
4 4 4 	3 6 6 	3 2 6
4 4 4 	5 5 3 	5 2 3

	3 1 2
	1 1 1
	3 2 6

===============================================
===================================================
RUNNING TEST
CURRENT: 4	DEPTH:8	Iter: 16
[0] [2] [0] [0] [0] [0] [0] [0] [0] [0] [0] [0] [0] [0] [0] [0] [1] [0] ++=================================++
[M']	[M']	[F']	[U']	[R']	[S']	[D]	[M']	[S']	++MOVES
$$$$$$$$$$$$$$$$$$$$$$$$JJJJJJJJJJJJJACCCCCCCKKKKKKKPPPPPPPPPOOOOOOTTTTTT$$$$$$$$$$$$$$$$$$$$$$$$$$$$$$$$$$$$$$$$$$$$$$$
==================-CUBE-======================
=====UP VIEW=====
	4 4 4
	4 4 4
	4 4 4

	5 3 5
	2 6 6
	3 3 2

3 3 2 	5 5 1 	5 1 1
1 1 1 	2 2 2 	5 3 6
3 5 6 	3 6 2 	1 3 1

	2 2 6
	1 5 6
	6 5 6

===============================================
===================================================
RUNNING TEST
CURRENT: 5	DEPTH:8	Iter: 10
[0] [0] [2] [0] [0] [0] [0] [0] [0] [0] [1] [0] [0] [0] [0] [0] [0] [0] ++=================================++
[M']	[M']	[B']	[R]	[D]	[M]	[S']	[R']	[E']	++MOVES
$$$$$$$$$$$$$$$$$$$$$$$$JJJJJJJJJJJJJACCCCCCCKKKKKKKPPPPPPPPPOOOOOOTTTTTT$$$$$$$$$$$$$$$$$$$$$$$$$$$$$$$$$$$$$$$$$$$$$$$
==================-CUBE-======================
=====UP VIEW=====
	2 2 6
	3 1 5
	6 5 6

	4 4 4
	4 4 4
	4 4 4

3 1 3 	5 3 5 	1 6 1
2 6 6 	1 3 3 	6 5 1
6 1 2 	3 3 2 	5 5 1

	5 5 1
	2 2 2
	3 6 2

===============================================
===================================================
RUNNING TEST
CURRENT: 7	DEPTH:8	Iter: 16
[0] [0] [0] [0] [0] [0] [0] [0] [0] [0] [2] [0] [0] [0] [0] [0] [1] [0] ++=================================++
[M']	[M']	[B']	[R]	[D]	[S']	[L']	[E]	[S']	++MOVES
$$$$$$$$$$$$$$$$$$$$$$$$JJJJJJJJJJJJJACCCCCCCKKKKKKKPPPPPPPPPOOOOOOTTTTTT$$$$$$$$$$$$$$$$$$$$$$$$$$$$$$$$$$$$$$$$$$$$$$$
==================-CUBE-======================
=====UP VIEW=====
	2 2 6
	1 1 2
	6 5 6

	4 4 4
	4 4 4
	4 4 4

3 1 3 	5 3 5 	1 6 1
5 6 3 	2 3 3 	6 5 1
6 2 2 	3 3 2 	5 1 1

	5 5 1
	5 2 6
	3 6 2

===============================================
===================================================
RUNNING TEST
CURRENT: 3	DEPTH:8	Iter: 16
[2] [0] [0] [0] [0] [0] [0] [0] [0] [0] [0] [0] [0] [0] [0] [0] [1] [0] ++=================================++
[M']	[M']	[B']	[R]	[D]	[S']	[E]	[L']	[S']	++MOVES
$$$$$$$$$$$$$$$$$$$$$$$$JJJJJJJJJJJJJACCCCCCCKKKKKKKPPPPPPPPPOOOOOOTTTTTT$$$$$$$$$$$$$$$$$$$$$$$$$$$$$$$$$$$$$$$$$$$$$$$
==================-CUBE-======================
=====UP VIEW=====
	4 1 6
	4 6 1
	1 3 5

	4 4 3
	3 1 6
	5 1 1

6 5 1 	4 6 5 	2 2 2
6 4 5 	4 5 5 	2 2 2
5 6 4 	3 5 6 	2 2 2

	6 1 1
	3 3 3
	3 4 3

===============================================
===================================================
RUNNING TEST
CURRENT: 10	DEPTH:8	Iter: 13
[0] [0] [0] [0] [0] [0] [0] [2] [0] [0] [0] [0] [0] [1] [0] [0] [0] [0] ++=================================++
[M']	[U]	[M']	[F']	[U]	[M]	[F']	[E']	[S]	++MOVES
$$$$$$$$$$$$$$$$$$$$$$$$JJJJJJJJJJJJJACCCCCCCKKKKKKKPPPPPPPPPOOOOOOTTTTTT$$$$$$$$$$$$$$$$$$$$$$$$$$$$$$$$$$$$$$$$$$$$$$$
==================-CUBE-======================
=====UP VIEW=====
	6 1 5
	4 3 3
	4 4 1

	5 6 6
	3 4 4
	4 5 1

3 5 6 	3 4 4 	5 1 4
3 5 1 	5 1 6 	1 6 6
3 3 1 	6 5 5 	1 6 3

	2 2 2
	2 2 2
	2 2 2

===============================================
===================================================
RUNNING TEST
CURRENT: 4	DEPTH:8	Iter: 13
[0] [2] [0] [0] [0] [0] [0] [0] [0] [0] [0] [0] [0] [1] [0] [0] [0] [0] ++=================================++
[M']	[U]	[M']	[B']	[R']	[E']	[F']	[M']	[S]	++MOVES
$$$$$$$$$$$$$$$$$$$$$$$$JJJJJJJJJJJJJACCCCCCCKKKKKKKPPPPPPPPPOOOOOOTTTTTT$$$$$$$$$$$$$$$$$$$$$$$$$$$$$$$$$$$$$$$$$$$$$$$
==================-CUBE-======================
=====UP VIEW=====
	4 6 5
	3 4 6
	1 3 6

	5 5 4
	1 5 1
	1 5 3

4 6 5 	2 2 2 	5 4 1
4 3 3 	2 2 2 	1 1 4
3 4 6 	2 2 2 	6 1 4

	1 6 3
	5 6 5
	6 3 3

===============================================
===================================================
RUNNING TEST
CURRENT: 9	DEPTH:8	Iter: 0
[1] [0] [0] [0] [0] [0] [2] [0] [0] [0] [0] [0] [0] [0] [0] [0] [0] [0] ++=================================++
[M']	[U]	[F']	[D']	[M']	[U']	[S]	[U']	[L]	++MOVES
$$$$$$$$$$$$$$$$$$$$$$$$JJJJJJJJJJJJJACCCCCCCKKKKKKKPPPPPPPPPOOOOOOTTTTTT$$$$$$$$$$$$$$$$$$$$$$$$$$$$$$$$$$$$$$$$$$$$$$$
==================-CUBE-======================
=====UP VIEW=====
	3 6 6
	5 2 1
	2 2 5

	5 5 3
	3 5 3
	1 3 1

1 2 6 	4 4 4 	5 5 2
1 1 1 	4 4 4 	6 3 6
2 2 6 	4 4 4 	5 6 1

	3 5 3
	1 6 2
	6 3 2

===============================================
===================================================
RUNNING TEST
CURRENT: 11	DEPTH:8	Iter: 5
[0] [0] [0] [0] [0] [1] [0] [0] [2] [0] [0] [0] [0] [0] [0] [0] [0] [0] ++=================================++
[M']	[U]	[B']	[L]	[U]	[S]	[E']	[D']	[R']	++MOVES
$$$$$$$$$$$$$$$$$$$$$$$$JJJJJJJJJJJJJACCCCCCCKKKKKKKPPPPPPPPPOOOOOOTTTTTT$$$$$$$$$$$$$$$$$$$$$$$$$$$$$$$$$$$$$$$$$$$$$$$
==================-CUBE-======================
=====UP VIEW=====
	3 6 6
	5 2 1
	2 2 5

	5 5 3
	3 5 3
	1 3 1

1 2 6 	4 4 4 	5 5 2
1 1 1 	4 4 4 	6 3 6
2 2 6 	4 4 4 	5 6 1

	3 5 3
	1 6 2
	6 3 2

===============================================
===================================================
RUNNING TEST
CURRENT: 10	DEPTH:8	Iter: 5
[0] [0] [0] [0] [0] [1] [0] [2] [0] [0] [0] [0] [0] [0] [0] [0] [0] [0] ++=================================++
[M']	[U]	[B']	[L]	[U]	[S]	[D']	[E']	[R']	++MOVES
$$$$$$$$$$$$$$$$$$$$$$$$JJJJJJJJJJJJJACCCCCCCKKKKKKKPPPPPPPPPOOOOOOTTTTTT$$$$$$$$$$$$$$$$$$$$$$$$$$$$$$$$$$$$$$$$$$$$$$$
==================-CUBE-======================
=====UP VIEW=====
	6 5 3
	5 3 5
	6 1 6

	1 2 1
	3 6 6
	1 6 2

4 4 4 	5 3 1 	5 2 2
4 4 4 	1 1 1 	6 2 1
4 4 4 	5 3 6 	3 3 2

	3 5 2
	6 5 2
	3 2 5

===============================================
===================================================
RUNNING TEST
CURRENT: 8	DEPTH:8	Iter: 17
[0] [0] [0] [0] [0] [0] [0] [0] [0] [0] [0] [2] [0] [0] [0] [0] [0] [1] ++=================================++
[M']	[E]	[R']	[F]	[U']	[M]	[E]	[D]	[B']	++MOVES
$$$$$$$$$$$$$$$$$$$$$$$$JJJJJJJJJJJJJACCCCCCCKKKKKKKPPPPPPPPPOOOOOOTTTTTT$$$$$$$$$$$$$$$$$$$$$$$$$$$$$$$$$$$$$$$$$$$$$$$
==================-CUBE-======================
=====UP VIEW=====
	6 5 3
	5 3 5
	6 1 6

	1 2 1
	3 6 6
	1 6 2

4 4 4 	5 3 1 	5 2 2
4 4 4 	1 1 1 	6 2 1
4 4 4 	5 3 6 	3 3 2

	3 5 2
	6 5 2
	3 2 5

===============================================
===================================================
RUNNING TEST
CURRENT: 7	DEPTH:8	Iter: 17
[0] [0] [0] [0] [0] [0] [0] [0] [0] [0] [2] [0] [0] [0] [0] [0] [0] [1] ++=================================++
[M']	[E]	[R']	[F]	[U']	[M]	[D]	[E]	[B']	++MOVES
$$$$$$$$$$$$$$$$$$$$$$$$JJJJJJJJJJJJJACCCCCCCKKKKKKKPPPPPPPPPOOOOOOTTTTTT$$$$$$$$$$$$$$$$$$$$$$$$$$$$$$$$$$$$$$$$$$$$$$$
==================-CUBE-======================
=====UP VIEW=====
	6 2 2
	2 6 5
	6 2 2

	2 5 5
	4 2 3
	5 6 4

1 1 1 	4 4 6 	3 4 3
1 1 1 	6 5 3 	6 3 3
1 1 1 	2 4 5 	3 3 3

	5 5 4
	5 4 2
	4 6 6

===============================================
===================================================
RUNNING TEST
CURRENT: 0	DEPTH:8	Iter: 10
[0] [0] [0] [2] [0] [0] [0] [0] [0] [0] [1] [0] [0] [0] [0] [0] [0] [0] ++=================================++
[M']	[D]	[L]	[R]	[F']	[U]	[D]	[L]	[E']	++MOVES
$$$$$$$$$$$$$$$$$$$$$$$$JJJJJJJJJJJJJACCCCCCCKKKKKKKPPPPPPPPPOOOOOOTTTTTT$$$$$$$$$$$$$$$$$$$$$$$$$$$$$$$$$$$$$$$$$$$$$$$
==================-CUBE-======================
=====UP VIEW=====
	6 2 2
	2 6 5
	6 2 2

	2 5 5
	4 2 3
	5 6 4

1 1 1 	4 4 6 	3 4 3
1 1 1 	6 5 3 	6 3 3
1 1 1 	2 4 5 	3 3 3

	5 5 4
	5 4 2
	4 6 6

===============================================
===================================================
RUNNING TEST
CURRENT: 0	DEPTH:8	Iter: 10
[0] [0] [0] [2] [0] [0] [0] [0] [0] [0] [1] [0] [0] [0] [0] [0] [0] [0] ++=================================++
[M']	[D]	[L]	[R]	[F']	[D]	[U]	[L]	[E']	++MOVES
$$$$$$$$$$$$$$$$$$$$$$$$JJJJJJJJJJJJJACCCCCCCKKKKKKKPPPPPPPPPOOOOOOTTTTTT$$$$$$$$$$$$$$$$$$$$$$$$$$$$$$$$$$$$$$$$$$$$$$$
==================-CUBE-======================
=====UP VIEW=====
	2 5 2
	5 4 6
	6 2 6

	1 1 1
	1 1 1
	1 1 1

4 5 5 	2 6 4 	5 4 2
4 5 2 	5 2 6 	2 6 4
6 2 4 	5 3 6 	4 3 5

	3 6 3
	3 3 4
	3 3 3

===============================================
===================================================
RUNNING TEST
CURRENT: 9	DEPTH:8	Iter: 4
[0] [0] [0] [0] [1] [0] [2] [0] [0] [0] [0] [0] [0] [0] [0] [0] [0] [0] ++=================================++
[M']	[D]	[L]	[R]	[B']	[L']	[R']	[U']	[M']	++MOVES
$$$$$$$$$$$$$$$$$$$$$$$$JJJJJJJJJJJJJACCCCCCCKKKKKKKPPPPPPPPPOOOOOOTTTTTT$$$$$$$$$$$$$$$$$$$$$$$$$$$$$$$$$$$$$$$$$$$$$$$
==================-CUBE-======================
=====UP VIEW=====
	2 5 2
	5 4 6
	6 2 6

	1 1 1
	1 1 1
	1 1 1

4 5 5 	2 6 4 	5 4 2
4 5 2 	5 2 6 	2 6 4
6 2 4 	5 3 6 	4 3 5

	3 6 3
	3 3 4
	3 3 3

===============================================
===================================================
RUNNING TEST
CURRENT: 9	DEPTH:8	Iter: 4
[0] [0] [0] [0] [1] [0] [2] [0] [0] [0] [0] [0] [0] [0] [0] [0] [0] [0] ++=================================++
[M']	[D]	[L]	[R]	[B']	[R']	[L']	[U']	[M']	++MOVES
$$$$$$$$$$$$$$$$$$$$$$$$JJJJJJJJJJJJJACCCCCCCKKKKKKKPPPPPPPPPOOOOOOTTTTTT$$$$$$$$$$$$$$$$$$$$$$$$$$$$$$$$$$$$$$$$$$$$$$$
==================-CUBE-======================
=====UP VIEW=====
	6 2 2
	2 6 5
	6 2 2

	2 5 5
	4 2 3
	5 6 4

1 1 1 	4 4 6 	3 4 3
1 1 1 	6 5 3 	6 3 3
1 1 1 	2 4 5 	3 3 3

	5 5 4
	5 4 2
	4 6 6

===============================================
===================================================
RUNNING TEST
CURRENT: 0	DEPTH:8	Iter: 10
[0] [0] [0] [2] [0] [0] [0] [0] [0] [0] [1] [0] [0] [0] [0] [0] [0] [0] ++=================================++
[M']	[D]	[R]	[L]	[F']	[U]	[D]	[L]	[E']	++MOVES
$$$$$$$$$$$$$$$$$$$$$$$$JJJJJJJJJJJJJACCCCCCCKKKKKKKPPPPPPPPPOOOOOOTTTTTT$$$$$$$$$$$$$$$$$$$$$$$$$$$$$$$$$$$$$$$$$$$$$$$
==================-CUBE-======================
=====UP VIEW=====
	6 2 2
	2 6 5
	6 2 2

	2 5 5
	4 2 3
	5 6 4

1 1 1 	4 4 6 	3 4 3
1 1 1 	6 5 3 	6 3 3
1 1 1 	2 4 5 	3 3 3

	5 5 4
	5 4 2
	4 6 6

===============================================
===================================================
RUNNING TEST
CURRENT: 0	DEPTH:8	Iter: 10
[0] [0] [0] [2] [0] [0] [0] [0] [0] [0] [1] [0] [0] [0] [0] [0] [0] [0] ++=================================++
[M']	[D]	[R]	[L]	[F']	[D]	[U]	[L]	[E']	++MOVES
$$$$$$$$$$$$$$$$$$$$$$$$JJJJJJJJJJJJJACCCCCCCKKKKKKKPPPPPPPPPOOOOOOTTTTTT$$$$$$$$$$$$$$$$$$$$$$$$$$$$$$$$$$$$$$$$$$$$$$$
==================-CUBE-======================
=====UP VIEW=====
	2 5 2
	5 4 6
	6 2 6

	1 1 1
	1 1 1
	1 1 1

4 5 5 	2 6 4 	5 4 2
4 5 2 	5 2 6 	2 6 4
6 2 4 	5 3 6 	4 3 5

	3 6 3
	3 3 4
	3 3 3

===============================================
===================================================
RUNNING TEST
CURRENT: 9	DEPTH:8	Iter: 4
[0] [0] [0] [0] [1] [0] [2] [0] [0] [0] [0] [0] [0] [0] [0] [0] [0] [0] ++=================================++
[M']	[D]	[R]	[L]	[B']	[L']	[R']	[U']	[M']	++MOVES
$$$$$$$$$$$$$$$$$$$$$$$$JJJJJJJJJJJJJACCCCCCCKKKKKKKPPPPPPPPPOOOOOOTTTTTT$$$$$$$$$$$$$$$$$$$$$$$$$$$$$$$$$$$$$$$$$$$$$$$
==================-CUBE-======================
=====UP VIEW=====
	2 5 2
	5 4 6
	6 2 6

	1 1 1
	1 1 1
	1 1 1

4 5 5 	2 6 4 	5 4 2
4 5 2 	5 2 6 	2 6 4
6 2 4 	5 3 6 	4 3 5

	3 6 3
	3 3 4
	3 3 3

===============================================
===================================================
RUNNING TEST
CURRENT: 9	DEPTH:8	Iter: 4
[0] [0] [0] [0] [1] [0] [2] [0] [0] [0] [0] [0] [0] [0] [0] [0] [0] [0] ++=================================++
[M']	[D]	[R]	[L]	[B']	[R']	[L']	[U']	[M']	++MOVES
$$$$$$$$$$$$$$$$$$$$$$$$JJJJJJJJJJJJJACCCCCCCKKKKKKKPPPPPPPPPOOOOOOTTTTTT$$$$$$$$$$$$$$$$$$$$$$$$$$$$$$$$$$$$$$$$$$$$$$$
==================-CUBE-======================
=====UP VIEW=====
	6 5 2
	2 4 1
	1 2 1

	4 1 2
	6 1 4
	5 6 5

6 4 2 	1 1 1 	4 5 6
5 5 6 	2 2 1 	4 6 5
4 4 2 	6 2 4 	5 6 5

	3 3 3
	3 3 3
	3 3 3

===============================================
===================================================
RUNNING TEST
CURRENT: 17	DEPTH:8	Iter: 3
[0] [0] [0] [1] [0] [0] [0] [0] [0] [0] [0] [0] [0] [0] [2] [0] [0] [0] ++=================================++
[M']	[D']	[M']	[F']	[D']	[B']	[U]	[B']	[L']	++MOVES